0.367220052794753
0.5601583708273283
0.3415410801605323
0.3295433625013133
0.20657134296484325
0.4338912174068378
0.24755085368034024
0.26093906020135615
0.26862637440006376
0.21096488526745955
0.21174287105121775
0.3957200144726523
0.21229114141037692
0.5174430794099428
0.3227520893227007
0.2789300760948993
0.25169037056148263
0.22141857885999838
0.20100849020382677
0.2224196758185405
0.23216812951285287
0.23669914355417698
0.26363085091739763
0.22305844270005493
0.30080913103685186
0.21772494735594722
0.2096920692976159
0.29243355334305143
0.21906202484558196
0.26625262265944044
0.2060769664570114
0.3793954310265244
0.3428553491765137
0.2252735746644295
0.4824894273323344
0.22008951167189245
0.25067515723119754
0.21978327844498424
0.3862789807945859
0.24239309014964705
0.40445386267932454
0.4593454483984292
0.4041010474981479
0.34625845361857066
0.2787143032020853
0.21431206702818234
0.42246396744610937
0.3842852223854793
0.32454136422452495
0.24463254012215824
0.21073076152984038
0.20413112457325144
0.38998007614453206
0.3799730680202443
0.2747472108675571
0.21603853494349562
0.26926196432305216
0.24918268157687673
0.25592157970230955
0.2768969818690957
0.24735936661063235
0.4480693188527274
0.38006232598731593
0.24061434485566113
0.20860049535528186
0.24922420888295943
0.201716557756158
0.40191323638483933
0.3865858513601852
0.205497834883818
0.3152870452129872
0.26760631314160943
0.20367979647415252
0.419232690868312
0.21785126676897892
0.2244379827268596
0.24228149316829561
0.21016950477186985
0.20205619139329462
0.21922263059684372
0.21384546019288103
0.4777998260664908
0.36966109750759546
0.34080149424273554
0.29545007454830857
0.21332955569595513
0.32353291345633806
0.5381224009329115
0.2173538070075942
0.24507073884185449
0.20128903609347798
0.2575815996976001
0.24139291888803693
0.24828127900199692
0.29083036982263893
0.21078800083193294
0.32624365721411397
0.2586657577747076
0.22964263313794464
0.20079024929727823
0.2573398054640451
0.2175955103318552
0.22031471712992745
0.25964121692539477
0.26647461729982225
0.31336343875638817
0.41333952072075375
0.3335197582885608
0.22648105731136198
0.22018885115491804
0.2623279828157876
0.24496200333510315
0.3938241845963596
0.280879563101598
0.2727216696368229
0.30397428738083987
0.21589567658342357
0.3665815229846288
0.22285391900604784
0.32812622211727416
0.20188587855961354
0.3260151877137887
0.23499071451712578
0.2020518675274225
0.2271724451673089
0.20167264319486422
0.22459622471625895
0.4050143476691648
0.2661836077089671
0.4363472001053257
0.30959813912578904
0.4038927213272777
0.2638313455340302
0.27147703246860533
0.23179485833307084
0.45124586769908265
0.2994310319217226
0.21181398360506587
0.20272484926390322
0.20851434767883065
0.2065106169408778
0.2742640774425993
0.28411336719654523
0.32858996803433616
0.2001914649332071
0.28385554784336264
0.27129229596614035
0.2839752460564028
0.3886658004126252
0.2434572650234575
0.24979077203600764
0.3780051821136447
0.25213678377154347
0.23473512433279586
0.21133194733314647
0.20557398060658244
0.48201894352211705
0.22954940762447218
0.48555917259534026
0.2992140226439868
0.21731669932423098
0.2879286470196594
0.24633847612082405
0.6430093396970195
0.2745575809785133
0.30557392920140425
0.4497479476937727
0.2029732145859267
0.22300923438288717
0.2049512879757296
0.23788311347550356
0.3863570858244642
0.4997977961089495
0.26539636922776755
0.276386894066985
0.35105168716249946
0.4792795907806625
0.22134724571462733
0.23278830297737796
0.25583579009268204
0.2688394704069935
0.33087819879009805
0.23187787632528029
0.2094540864392388
0.2353032839424944
0.23022878244243788
0.20497459524858103
0.25778128490765284
0.2213112926364434
0.2670530818222402
0.2291478370202676
0.2546052709456711
0.23512496664672639
0.2630487622124472
0.23559616907040576
0.260866276087823
0.21747380417505957
0.20119840032548442
0.2487766960832119
0.28436013749089195
0.2285073414693316
0.3781748537678282
0.20559694114535743
0.2348453193311359
0.4190281563432638
0.22998426380581277
0.2536244444726118
0.3352901600624839
0.4518333213605502
0.2297862814080221
0.2748025902309544
0.2840199133357505
0.4457166794208425
0.29177751391857154
0.21789346041897206
0.2070838500948075
0.3882511262258981
0.25188457623572635
0.2917772246300071
0.4560529982013275
0.218312390343819
0.3505586705337934
0.21186555990380845
0.22301534605632256
0.22060594944388023
0.24477606785068318
0.29968725522257644
0.3353036987988931
0.20654013678224248
0.2003609459942043
0.33667856488267667
0.2774136182887871
0.4157613717528066
0.2343145707658621
0.23035274349139045
0.42625151961570473
0.3126842628780494
0.31067498792226167
0.43472950677652766
0.3443603980881771
0.21994177744091237
0.3775930832328254
0.4449152267053775
0.27611700234096903
0.2684546899993187
0.6244845261343539
0.2962417109083215
0.23700847779374212
0.2137411997130632
0.29309793086262453
0.4994402603611285
0.33483771229901726
0.2748939599594762
0.5237519171890413
0.43451458681299526
0.3570441041865508
0.4986396965543496
0.44759407467788775
0.283486055188202
0.2883522541137127
0.22572430330291288
0.3033073120982811
0.45001562230104136
0.41174970225648555
0.4462285094703351
0.47590776273795315
0.21117729500949156
0.2593636483945408
0.23882250877955108
0.2608549034772726
0.20127300925513147
0.2653641222251102
0.21769842788707078
0.28388722495902236
0.3743529349628396
0.36587391209195863
0.21784614382889828
0.28823835598007974
0.22658840885693993
0.45092663779341174
0.2055534727120375
0.2217307405521034
0.3804139454220833
0.40334293022729023
0.21430864963332974
0.23154244728773804
0.6477353781789132
0.21471451166568362
0.21809682379900086
0.25340006734016673
0.2668418504228584
0.3378837853679717
0.22099217737288374
0.24343890181486344
0.4080237979296786
0.379173022324581
0.31042641812863336
0.22091417088092363
0.23072602228264721
0.21364868870982862
0.21025178853549403
0.23556966633511162
0.49857185489683925
0.2100110423786335
0.5449645787374613
0.20455779646690964
0.21923687388078872
0.33200222788773515
0.4989922983182128
0.2083016857506716
0.2706553501797979
0.24792351986119648
0.21627912952841116
0.5984136153891542
0.4888848579764973
0.208854471972303
0.21299162059459553
0.24280613343227025
0.21775742844346385
0.33762983877581043
0.2774081940913073
0.23331734258036718
0.245491971819721
0.21913621996080268
0.24678820722710543
0.23029549393005921
0.25013317650234934
0.20014597539278356
0.2705431991444412
0.22775349128160788
0.2596501262455403
0.20221190726975458
0.31769053342007203
0.2997472613241513
0.2000377070894832
0.29017560717349045
0.34120425943349
0.23237071352908656
0.2846233175570614
0.21898803487686935
0.22183432475315384
0.3160353853357588
0.23340883017272374
0.3471308552390122
0.410140163600364
0.2441406602239743
0.32222099420441414
0.5057543220559789
0.37380925561070205
0.2015818738788578
0.24407627784106
0.2297085675110086
0.3118483302194734
0.21815845305143078
0.23325648370919405
0.21732722107095104
0.24730196651477365
0.48134826629551747
0.2069882050100118
0.41449009187783764
0.26031735494220487
0.39037731797726194
0.27082753632822765
0.3016990393160617
0.23820486425373089
0.31745619382048973
0.25506967355889076
0.20320915409329815
0.20828647752954976
0.378557841818058
0.23982281016141904
0.26366861594061186
0.20483831550231663
0.47315534844943924
0.21393798497583433
0.20655449531661718
0.27153577593575196
0.25862308089097974
0.25954314824765334
0.370694062920394
0.20491113987036852
0.22026271488549704
0.24551853145390096
0.2749371295866698
0.20944977417953387
0.292651871133287
0.20725637289295412
0.3303502225202781
0.2413604922577106
0.5956324369377648
0.21510052646669037
0.23777564329071998
0.5896019116980297
0.28759873052868
0.20011484849325484
0.23421530332053614
0.26409941558929584
0.24112721326458902
0.24812331535496834
0.4805512727368493
0.24841943764686014
0.34481891762611394
0.23978311365318983
0.24604081770115088
0.20033686978653742
0.2703676608183565
0.20895791586317236
0.3807920431713411
0.31001346380300054
0.3835322311435652
0.41271246100383857
0.29866243107203155
0.27930633520870773
0.2440980648659518
0.28503507148520085
0.22517506284736027
0.2550814153836714
0.21552318832377676
0.26210902311151146
0.23191866861357696
0.22379661785811567
0.4952354946378242
0.4516872394554477
0.21387771961659496
0.27563976900058873
0.22226359773717275
0.28143406842578084
0.43265031238964957
0.3503652752503795
0.21172478634159542
0.24064185141335714
0.42712459912742085
0.2368781432780499
0.2043809430065815
0.39604651596858864
0.424101281419462
0.3857253521589943
0.22891764783338292
0.22833766237028652
0.28677027726805027
0.3162822102813454
0.21964532078650606
0.5795376212972204
0.29846521223870326
0.3433097901989349
0.46062566313935255
0.42441163843271323
0.4092463923069535
0.21843699976948144
0.4459836686479667
0.20577370181560412
0.22835627990031088
0.3411159787041764
0.27164876439633234
0.3057188720347228
0.42670370700302157
0.4856822996051497
0.4362107328950594
0.22279691823219017
0.2364337658303199
0.3648927328922573
0.24666816576900352
0.23079431741514778
0.29113418601596086
0.21383707406363084
0.22276754067984372
0.41155897846477363
0.25835652133464787
0.20151472926353325
0.3783945360062514
0.21734155787336062
0.3308718814528936
0.3504783766033499
0.2124152168998461
0.4703783016622403
0.4277415263509113
0.2463096817437932
0.20438074501561598
0.25574703521298325
0.3207194845083587
0.2317820779052691
0.27445299288562186
0.20365514428663628
0.253079837335157
0.4113637769350317
0.39677218448482693
0.23766423896461852
0.27125409664788136
0.2268930832834974
0.24229251584995032
0.24601507535538614
0.298222173256679
0.26387721596453134
0.31557126212160813
0.2817633688089528
0.22551213257652858
0.40999321331380834
0.2909160014732444
0.328685648878084
0.38601735043184454
0.21756363998413142
0.32850719704292886
0.38476481935368373
0.23169210910015425
0.28382029373014217
0.2822673516558756
0.30546201901021597
0.20653281567115056
0.23817260149263703
0.2449364875359073
0.23733688300030426
0.2723077470421528
0.5596551905282778
0.2118007364235604
0.20398615833934802
0.24698184165092785
0.2521760050595544
0.21736075785326026
0.2790986396768379
0.31883413551203926
0.4224716878692406
0.24235399289631154
0.2029784329368272
0.4552129430766329
0.29892065353765096
0.4709945883527337
0.27894224307003024
0.20698094532915418
0.22742016267172716
0.42912561728001075
0.2578637222319258
0.249849135013877
0.2018446771773703
0.23633090101638649
0.2124925110999914
0.22018070053257055
0.3539510260542445
0.45196912982825704
0.2768313453131113
0.2003442710811274
0.2690758274967958
0.2408735254514171
0.2645942743920109
0.23725459892650858
0.21766520009005685
0.22925290761705852
0.4131900022388739
0.3967728301316171
0.3260353311277693
0.2692015713965573
0.2975670829434227
0.28343125766120475
0.29252294000633683
0.24670474498284556
0.21290496768420458
0.245919968824184
0.3791126535055311
0.2557765013460174
0.23176944394014254
0.4779398462090576
0.3032768792035976
0.2072974803575573
0.27453586572540034
0.28742925489333493
0.2157121110167312
0.27801054611361287
0.22041461938503537
0.24824264796058404
0.2017656112818979
0.7680279621472046
0.2962342247001449
0.24644490794859775
0.22389269779331616
0.3518709766127554
0.290765832178707
0.20857213168785044
0.3329043496476324
0.20939606377442377
0.34056389074951054
0.23379446094641892
0.33450774969913716
0.20171698117624876
0.27487559868159767
0.27947696192223026
0.20576360929863852
0.2419876487215829
0.23179369150885515
0.20880714528635103
0.31538885818537976
0.22739462446678804
0.20045647613629963
0.26104182169611806
0.4095834292359451
0.45340200877654613
0.22817440879141798
0.3414285942610923
0.3140313949212906
0.27247387945901114
0.24011804879811094
0.21952005609387298
0.29019110317132024
0.3169528055387306
0.2513126196131431
0.20711286209881635
0.21254611434467757
0.3081586366173673
0.2817849151407295
0.30154005514236504
0.3635135287402834
0.25229447999750004
0.20488478160662815
0.3495377327629039
0.21049947971814453
0.33691915075892254
0.22015982464894007
0.20743689546970734
0.2661254655933291
0.3810585642956539
0.2757681082648956
0.23589787515674776
0.23379652455562178
0.2358315646264606
0.2254989293103285
0.20542337312843817
0.30182127512986534
0.2599563327732723
0.27537016837306116
0.21210756753691412
0.2120496741848556
0.459095297318942
0.29034627970070204
0.21292159605277644
0.22703689533027244
0.49781797498653624
0.4374608611939639
0.26240723454529236
0.2233364738357697
0.2472259444767544
0.23809017029282026
0.21692268255952468
0.20396003483205843
0.4186586413076991
0.23195236521428902
0.20639070837581902
0.22114109561552187
0.23397904843777761
0.23201135661518468
0.20334721810575723
0.31173040806137153
0.22444556842167906
0.21975160018965106
0.26975380324440335
0.3717245863532134
0.3200142020016229
0.2200546272835962
0.24782453004550598
0.20932525488021508
0.3615351527539522
0.2295111521091996
0.4247002530016395
0.24315192514691453
0.24565131635543858
0.3246271712657437
0.26718928498566835
0.20361337478927238
0.2470626943709313
0.2190273743835976
0.2705658309066896
0.32515395625610477
0.4165458055906351
0.3074215851656393
0.33811184809846095
0.31701794383799053
0.2056644621157177
0.21950179365463673
0.268398136702834
0.24651453242611188
0.20989361297312575
0.4979028317793911
0.43199444788667957
0.22051521763546322
0.21688988778787827
0.3154385508512685
0.40952741231351397
0.3015765360473228
0.20543965410956766
0.277335184059196
0.21013437575557276
0.23580767149278348
0.21953178621465635
0.5207968900426608
0.4009419595494565
0.22265725376459616
0.4936607801341463
0.34710149168971555
0.4963044947415303
0.23389177498658098
0.2555486001293662
0.2411416288435907
0.49792567548914246
0.21066210184392536
0.3195966199306861
0.22039739657042945
0.3400209368783621
0.21502414989074797
0.3210252587736999
0.3221086348869061
0.21729948908852864
0.3806996178190801
0.2235317127830837
0.258149485720797
0.3921336957072446
0.2826245723371551
0.22719687904643882
0.21052960294991319
0.4205495121237594
0.4448077770446256
0.23107386220696108
0.33402525287216844
0.2559670629673221
0.29443427186886795
0.4933452751734208
0.2365672521418115
0.20293736839329385
0.35777114826267764
0.23768810985726313
0.4093510167680393
0.23842774607928313
0.27574341648535927
0.2573799595966849
0.22343709196404493
0.28523725437139613
0.2158824239474642
0.435704039570191
0.20466851596646068
0.23745493923717687
0.25951182167910325
0.21066036778197883
0.3111914237285907
0.2133163275460726
0.20439715578815426
0.2630887643933073
0.23871566356656287
0.25664669360107484
0.21282142283545696
0.22392822190783418
0.21557312400143203
0.35324169977854664
0.3639662503523946
0.4715107368106641
0.2004085269175519
0.3492338825469048
0.2016984038907904
0.2242445487751858
0.2581921792863656
0.2208422372304391
0.20875411667213717
0.21742463832017228
0.20148128320755038
0.21715892330533637
0.2123895852978292
0.26289888116954085
0.42088352536184653
0.4695540118551108
0.466136798712066
0.2601137446801292
0.2032012186726505
0.2422569283332719
0.2131800822176828
0.24355657126322167
0.2267186417879241
0.32228889174010644
0.49772244152029826
0.6460689894237086
0.33213553459688516
0.34788752863642936
0.44418547523167917
0.23015189798834967
0.2295119959447432
0.25287889100040206
0.2229441259242791
0.2624684614406434
0.21542620110488825
0.20369794651675543
0.21796473311231274
0.24517129922954817
0.3376903981214025
0.20119244793508728
0.3592590634266587
0.235484032075796
0.20669432382015968
0.20758542947213576
0.44940685951414955
0.45819798458857575
0.25408507139983294
0.21719039198639617
0.24387049574686542
0.2257161728144243
0.44911666732068317
0.45300133453121744
0.562329654525297
0.24399985028085525
0.235245308203839
0.2734033878722487
0.255395427276226
0.21058924440286464
0.2314147829652668
0.3952832332976719
0.22394147854273705
0.29042361554943935
0.35224104325670913
0.21769355592213924
0.2024103416664359
0.23582906956460425
0.3046814435634979
0.2811469799105397
0.2991038964609492
0.3487606239966779
0.29782389601696235
0.23737782730007412
0.2069442733939595
0.27413652341416606
0.49953678663213297
0.4155163218733369
0.20730286079773386
0.200140895154157
0.3596376451346832
0.22227344555372114
0.3861489720226584
0.4032337031230434
0.25986378572355673
0.21286827049726786
0.3411485176027397
0.20258518858920183
0.31115559378929836
0.25762197551020705
0.41243243660565676
0.2061474010639694
0.2976234905909009
0.25000475737556793
0.32480771035402745
0.21633259061583981
0.3027712735630609
0.3316333403781517
0.47617269534773554
0.2385714317749365
0.2111221057132241
0.3104110841823784
0.2771121115042501
0.22440403909474577
0.7649841713847646
0.20673138526462864
0.2510470387460174
0.20846793719000095
0.4692352403312499
0.20870405738108389
0.2545031956985152
0.23621412179723056
0.20376080159209653
0.4619941159504473
0.2160005378556305
0.2835149941701513
0.291144184715291
0.20073301033455354
0.25241618189175435
0.3857352329403311
0.23096623420691786
0.3010400669423537
0.23516327016517735
0.24874521503478797
0.3154979473943915
0.48142500406255956
0.2669850561741283
0.2510395494059766
0.4710692224939448
0.2331103843982803
0.21543553822200218
0.34421136959299137
0.3660270095290248
0.2098598932945342
0.42410925513700864
0.21399307062709744
0.30445851446750255
0.40374334127580896
0.49715603092845806
0.2835698787332752
0.20263063723405794
0.33483750518927236
0.20438556571996958
0.2745071454811755
0.28558780957371505
0.24530571785074906
0.44914254474684484
0.21602819194348305
0.275676455439799
0.30104565363241004
0.23372876566422518
0.27493449838764716
0.29148369900518734
0.2732217267087361
0.20831136961149943
0.27696049354793517
0.24202579038299266
0.35765389160290284
0.270840054703418
0.29884424048638325
0.34531577704964744
0.20717776794502746
0.20984988043674618
0.24586749339289027
0.20277016847604906
0.2577097263471646
0.30808549977094735
0.46456142671986034
0.23969303305642503
0.21670902617184823
0.45773745776335606
0.20513949179106106
0.22272017703759955
0.4003572285856693
0.30151904662866813
0.22784989869073702
0.24758514863820896
0.5816765393875899
0.410442542420018
0.2246124251463436
0.22051581980760016
0.4988730142366263
0.3342621088315645
0.24583996405213626
0.28057479417792586
0.21108934351715797
0.4270207148366253
0.21803207654170736
0.47028615618342706
0.24053590077576348
0.21222150241178783
0.213398680870305
0.2013321003035562
0.22996874473381107
0.20755112355365868
0.3920068054397077
0.22715438322098813
0.2982037934177951
0.4697805441825565
0.22182613172449206
0.2214031887866158
0.28049195904350355
0.42797507430954373
0.23100485134323384
0.29610916460473424
0.24838504284144008
0.3960132278667081
0.2873828061720264
0.29826068847572285
0.39129969863901015
0.233216230293048
0.3460823760943772
0.2329487777743533
0.24736818138516248
0.23711904892829744
0.23836321284686435
0.2121148931374492
0.24976435181220308
0.31603728677973253
0.24573372854632713
0.22135514458860828
0.2873117776295888
0.3746336795860655
0.7711160777743026
0.252565311573607
0.43426724301056746
0.20355733398979814
0.30607550677731166
0.6030634002802947
0.29757376418686265
0.2497510152566978
0.20526020721199895
0.26782424972962415
0.20653965040626082
0.20644960606071733
0.5679053136857606
0.30071846027455795
0.20832463458292005
0.23731604070297702
0.3893214967048761
0.20442526663439703
0.24687420215188338
0.22761045344997655
0.23127849059539096
0.26524331552837377
0.24214368404661896
0.22375149222753415
0.22666232061835034
0.20650518141011487
0.22825261072623737
0.3044123894816765
0.23083510305986477
0.418104469988144
0.2890791435941091
0.3561118822409582
0.2317091103065253
0.29948731978497234
0.2860920165623912
0.31572227160227617
0.47791051315787486
0.338761427832534
0.20922857944404705
0.4893862323020246
0.23328710382603485
0.28364441289468456
0.47843202289786224
0.2964068434281619
0.20006995318402276
0.21155731487542417
0.6067853396192897
0.20218303068995724
0.2168522411519732
0.4012500313385823
0.25881887119236247
0.2316403232368403
0.20214893801072997
0.2875857542426907
0.2108715415860849
0.25072062866812117
0.223177904796397
0.30204002439813027
0.202761639522136
0.3126957238360607
0.2172086516813495
0.21065611885153568
0.2872398419106882
0.4197208192398986
0.2810893779008753
0.4678400644182433
0.5970589227778851
0.24829462420393916
0.28386786199865993
0.2861711772281218
0.29785774603366894
0.24630137569736882
0.2229324309372151
0.268037041846936
0.24350424881570837
0.2486999822989306
0.4554914138090144
0.2155424299910994
0.39237709769681167
0.7047430516310847
0.22211177144496747
0.3864638013688184
0.47052709636393025
0.44921696017011653
0.2601004746232909
0.21704594490918877
0.25913664355673777
0.5620904095969239
0.21327120367745273
0.21800965913999915
0.29531810266834374
0.20896517279037208
0.24605249776985982
0.27193512866618835
0.25152424174662086
0.3343878635516136
0.26089058633286166
0.2160560851752265
0.21632263658523343
0.25149253532781357
0.2851400651479025
0.24354038324237554
0.27644229520829783
0.2068225683865273
0.2453825483234019
0.2454839362902947
0.22485178867013905
0.4519168520629646
0.20259548649177028
0.2834221344865798
0.36450880650820483
0.21892327664527694
0.45886735068062334
0.4092548084029403
0.20973478683370106
0.4022014406790447
0.3402461817350462
0.4120803960603639
0.22881191355088537
0.31162685835844883
0.22875467192007254
0.437691486765853
0.21516048791005132
0.31896582743195945
0.20368446670035772
0.28016346156549654
0.2417003255613856
0.2924301265083227
0.21247060927257932
0.24508227365958152
0.21346207861735345
0.21345520356128928
0.2841860409471858
0.41953233633197845
0.20261013910060055
0.32464923563265424
0.2338630287317392
0.20553536785475007
0.23002628132351077
0.26112397049079694
0.27932896390620243
0.22145962472987618
0.5882807036429005
0.2742875905158289
0.2685230930205577
0.30511500322493146
0.7297331176885666
0.2091625611485105
0.28364102444712236
0.22888656353633002
0.37287011717964935
0.224203546807906
0.21755081882839494
0.33667534205376026
0.3234160038163394
0.22970128220376812
0.29566364577986093
0.29339889383967427
0.2009050584496926
0.29612713759224535
0.2157852178677916
0.24756350100976016
0.23958716641373756
0.36874020663811113
0.24278380202559513
0.3062581287715559
0.22103866857241422
0.2649501790522856
0.2159007712143679
0.21115947803968133
0.27217410101862627
0.22888461421517925
0.445613612379603
0.3429853136746551
0.2940516135456521
0.23700638214722902
0.30669789907175693
0.21525316187363946
0.29995851951526786
0.39595214475591733
0.31250458911379453
0.2176125813255539
0.25603983753447535
0.3417022443912896
0.23765406367565528
0.24050855966624202
0.22119093335128365
0.29343966843166835
0.20590886849026907
0.31580686840330274
0.3386275119973362
0.20159346003310769
0.47008628671890185
0.2132784553840199
0.3926345340559371
0.403477490840007
0.3784308439993499
0.21160920623734275
0.31321147343113526
0.20873133367110008
0.22680641526329676
0.23247141558715767
0.28905889921414285
0.2539961482018907
0.5651624015238047
0.2585167340631812
0.21198748210827995
0.31581766160353075
0.21845662453578796
0.2950439634026494
0.2408300548447006
0.20872451714862938
0.2322653236478781
0.3356339634751807
0.2058933610929517
0.20099992104871955
0.3849108239198986
0.24817803798303362
0.2310869078877974
0.21999571356586467
0.20533032292988573
0.48843274506166523
0.26543846485787115
0.4335952394485893
0.25923290549811095
0.479222850380052
0.24863687177165977
0.4364322656012391
0.34574789139992124
0.21746395555385656
0.4568503036324682
0.21597625721007135
0.21223939624994548
0.20197002009488618
0.3282462575723154
0.4277882148798849
0.22705805564083953
0.2439117162882643
0.2288071636634298
0.27583356500906175
0.27379487576775874
0.4588696570652138
0.47700629886666995
0.2406589159291576
0.2285918432869768
0.2380705464981715
0.4756616476696935
0.20913557720832993
0.22505916543890747
0.20573199414820958
0.20536150429845712
0.23119377599610758
0.35379318670573723
0.7303040954568428
0.20245552721766147
0.22443422088312903
0.22163362976962397
0.3532371571117624
0.24589983997378662
0.23721061794582926
0.3530120799279399
0.20126924674544378
0.4296545447119238
0.218103248284034
0.20560460010366727
0.2720782358550162
0.2902095777804339
0.32325059609907286
0.20016897119456656
0.3064839935986471
0.2008877467600193
0.24596536256584
0.20551077683633434
0.21154592640302128
0.28485632494134283
0.21850021728371855
0.22850897136799148
0.49939012534094224
0.2164873168803068
0.20711903367121293
0.2385506721608423
0.23102054366867952
0.206114740668559
0.4278630209117833
0.5506736682598341
0.31288436456242524
0.43306833089127167
0.2034871417788227
0.21846603729845643
0.2017379815271626
0.22441692643286687
0.2685600978336551
0.483014433650143
0.22409007902055966
0.22374835539535015
0.21303119810459942
0.2110979587306916
0.26571361551854955
0.2269853997685633
0.2878770050141083
0.2020068559820602
0.32833515169216365
0.2558753614458674
0.325708508568205
0.20395699974128867
0.20845071577593577
0.23491391264283817
0.3922402008636189
0.4973886072111128
0.3828880141997584
0.2349225903342057
0.48111549950296967
0.2707581598848914
0.20095540508815674
0.2953389308989536
0.2608789380479609
0.2704985708997505
0.2803551641549022
0.20766079763422718
0.4956217770322089
0.2125206300792678
0.3993259292171107
0.20918933070479057
0.21953377636407956
0.24458126989590684
0.2028045481499995
0.24273691937842357
0.3263605437219953
0.2254918175901025
0.22631401194646245
0.24183185668823315
0.22214316475197016
0.3042997613806637
0.23753931352935737
0.262121603184019
0.24120465224818965
0.22906151753109838
0.25071894670304284
0.2659865834269211
0.21825144498108623
0.3014973251304697
0.2673205061827395
0.2413588409766309
0.218634240623994
0.2198756991030238
0.2503023353379732
0.2639257347985849
0.20056401320728118
0.2379329336722224
0.2364726732183594
0.23916681872590312
0.2062501143768551
0.296209057374596
0.4040844855562806
0.20023597134260684
0.35101410806840805
0.2917797481347293
0.6229498630194877
0.2267078733284154
0.23452159099082492
0.2292701966218545
0.4005494598768595
0.2676631713058596
0.4404733399346954
0.22641733314546658
0.21224523245142024
0.2303739819022821
0.2848640169797889
0.21840785020168313
0.20093079912803957
0.44180524768282725
0.4463658067093559
0.2091023832912678
0.21131817802144898
0.21681116723853633
0.3241675162619476
0.3012078210088831
0.313625885624186
0.28984169957254047
0.38786958790742515
0.4994801497781599
0.4736087360161259
0.7222077583365474
0.2693964292087938
0.5485785483518038
0.24758191734214935
0.25916136279566726
0.2016637460286851
0.2061373802161638
0.3460456620063052
0.2232208038712053
0.21409850251552376
0.3227140929115663
0.34957460949281083
0.3573109259499803
0.2288680555893206
0.4359428430795648
0.22395567263648963
0.20272635517945847
0.3218338580681606
0.2687773532951734
0.20033303616825815
0.21674013007618032
0.3417601847239463
0.27021098566178403
0.4379292385176487
0.2006375420036035
0.2606901577545952
0.30499542672000846
0.2927733635953567
0.256873661204855
0.29999159851998297
0.3580142199492573
0.2488132532684466
0.22731595472476368
0.20605398387915735
0.39574836160308124
0.24263025223514711
0.20449599762761744
0.3390109497375534
0.26415257843421996
0.2178079825205963
0.2829324913602541
0.292168067907693
0.24928216475570586
0.20005667860249715
0.40302992110003455
0.22518923223120918
0.36731523765374907
0.2906629498141099
0.2078629965686602
0.23116014793574513
0.2363996332453725
0.20531320205642056
0.37474116409059566
0.26810504953772146
0.23291185571119505
0.27155451788354357
0.4187610577981713
0.459400626346302
0.29417825639075423
0.3452975322825327
0.370446765667823
0.3033188675985118
0.2161930338096274
0.2373846097658009
0.3063830680002897
0.28457172060124036
0.37260769538459043
0.3766966814208651
0.25202373519715215
0.3184463765844789
0.7514652885447544
0.2502585494192152
0.2092208633173538
0.4335460599637661
0.2831722291873111
0.2934648108647231
0.4870105979511545
0.21197821861732158
0.7585531426347427
0.28689895840771584
0.29370806603076083
0.280105917140849
0.3828923820296547
0.2067895118014424
0.25791302911915404
0.3027450458620347
0.209162444254607
0.4048183022703752
0.5720779554416431
0.6399876035701898
0.43677459620513165
0.20287988416883135
0.20300533816317196
0.22984964819490727
0.5187456562731738
0.2065562388236139
0.2213341927182194
0.3123619694861054
0.2067468466466163
0.2838741834378272
0.3936233944577531
0.2080896017940987
0.28369665005454014
0.20320001559822426
0.4345636682318336
0.33872053743942854
0.2507862506608164
0.21084915425600442
0.45015762438611967
0.20931583970463558
0.24607846748767254
0.2731089616871374
0.43565714242580217
0.4742613993070189
0.28606839606585754
0.6462727140878798
0.22633679099380383
0.40455650320213843
0.25702092872120147
0.2074002185061261
0.46103747545582674
0.20403817518852785
0.5130710106816242
0.21700621032980577
0.22266502603598431
0.3758435981773161
0.20098945760973985
0.2490368011809373
0.22274066763911704
0.22278736866419946
0.2870992564768141
0.42704082838839
0.23510867954628262
0.22890499732964514
0.2135351562503044
0.3941738728580925
0.3175856257269482
0.2136948409738743
0.2206614372449866
0.3044746475598744
0.317703144143839
0.2088634361006662
0.4605727769119365
0.28700627921743804
0.23764486774157523
0.3251157947506533
0.2369126041942885
0.26968289597259265
0.2184586204438272
0.22160949396027296
0.24083422584420805
0.2979832304565131
0.21376689196005833
0.23909516904851358
0.21263769131385002
0.678005259359195
0.41632481684013284
0.23833837006396585
0.2540881417860226
0.35223804134926356
0.30309848811213047
0.26934655963155035
0.2569622993296358
0.21068078814003222
0.2034617526296132
0.20115937783441945
0.3179250023785647
0.23670881869678767
0.3674039326357575
0.23771375641740777
0.21806201890299665
0.36835977616500537
0.47428160124812874
0.2539964675693258
0.23082549172831907
0.21397945494119164
0.23080887738803807
0.2381640456175333
0.3170626247049799
0.4094448764305081
0.2181255121767246
0.2957976313719094
0.22538119749519542
0.32158474830162265
0.32093878130117215
0.2918959060235705
0.20556837282314333
0.31809692318073746
0.45897781844893903
0.46865973654693693
0.21120714128519585
0.22670855166308213
0.28005060269616355
0.21250398681492855
0.24307318091701885
0.26459205880752446
0.21106975101360054
0.2533058042848776
0.36204356548573857
0.23917530651416863
0.44099749883516215
0.21828144709781527
0.20187708578735708
0.23172888435706746
0.2144747400021198
0.24535178889813986
0.2847065462598169
0.21341563062836139
0.21930360489619993
0.2416622661009517
0.38800953445622693
0.2649657200106893
0.20875940309919172
0.3102610183681717
0.20293193037670476
0.6417452919457692
0.3515380194022951
0.2422879538457416
0.6164613182517875
0.2391322616473529
0.22512401253843684
0.2667625829469922
0.20152052340289922
0.267499455725005
0.34675256002041255
0.272124815199463
0.2238696702911177
0.6402804428315854
0.24176550411747483
0.20839115637770816
0.2468050585585565
0.20011608995904068
0.4379861288638769
0.2744004529830926
0.2789717550000198
0.22297191129538035
0.2281086318550698
0.20381428053695755
0.2743297004591523
0.24933648051483054
0.29080322862376284
0.2956371494442196
0.29449599050433994
0.4392503394478493
0.20368459363581382
0.24193078643564103
0.6022905571700488
0.40971356783341506
0.2016219706267165
0.3024234456226181
0.2891934443952214
0.27767778200585835
0.2624212530218662
0.43843439681348284
0.2072138554930002
0.3050551953077493
0.22311336075688215
0.23520825439483922
0.21808603437558133
0.215717158480206
0.37820501140309337
0.3624558801158051
0.3091176654650167
0.25652783670822943
0.2282239984708352
0.22629714653992972
0.23719137790132244
0.22189126606162435
0.30237776382125164
0.20085177637154766
0.3043459393157543
0.23582021763887212
0.21417792566378918
0.4403396441813481
0.2029616186795431
0.6475061897968303
0.26901310228452274
0.48206078604031033
0.27991880466479113
0.23895148229941843
0.44775987410989493
0.26803101707231
0.20354899264008303
0.378287625449598
0.2015370197408911
0.22455244989334322
0.20437980644288734
0.29700618295377934
0.24293855206099457
0.3550320962667258
0.2478544818121941
0.4648326404326087
0.44401230919945567
0.33564346849293103
0.23677324658465493
0.32721733466767
0.36777425457641366
0.22454983268830087
0.2716118516143848
0.2737240242550847
0.22207017828916625
0.38712696773035926
0.30657870432005885
0.21162997095274827
0.2054795287023038
0.29715661271876537
0.4534188747005346
0.3266912427964258
0.20903774789865853
0.20509631439982223
0.20327268634294904
0.38659890082206233
0.4256178992557029
0.2297082080377385
0.22301505192214777
0.2644598187355825
0.2966461576505379
0.21351604822825887
0.23497359111318933
0.21371940576164022
0.30000233508529234
0.21578027848169562
0.4342689258515011
0.33192286663950377
0.22463837593143215
0.20769878712678158
0.44413098313104393
0.20608505090497792
0.37217155519033907
0.7182960531968592
0.22346951250783198
0.21561901793186772
0.27671668651164116
0.20025272015036183
0.2417153468884436
0.2281152632650797
0.3296392260124541
0.3126534282769312
0.2776989547766251
0.43973648310517593
0.20095697013571656
0.26587891569636923
0.23877426084503872
0.31167293518718814
0.26014571119668206
0.22897395896461514
0.25191457314795745
0.248016584142699
0.21751769879956578
0.2758021117155849
0.20018492011281586
0.20002350374987632
0.22418936451927773
0.2579892765559214
0.22529308292592465
0.24449669927083018
0.26084464997449186
0.22689796997320927
0.2519569138027927
0.2519419746932263
0.2538416426347949
0.28277783786336924
0.24313619705439216
0.39266046789276765
0.6123899894478639
0.27942560698557684
0.24130444893628844
0.2028848829705352
0.20283114784765338
0.24276216001496226
0.4372528941582334
0.2431173644511297
0.21493296015176083
0.20139824377205096
0.23748554204935646
0.21737418236656586
0.3081240313644014
0.21935719699356793
0.21418028551865148
0.3369555844938173
0.20902888291769212
0.2060846390412509
0.3254443636118659
0.24030385203444093
0.23253871095392925
0.451614163641915
0.33644976120616676
0.26040113975023726
0.24462176414031417
0.312370186003767
0.26066216402331516
0.24006599697865794
0.4715551898390934
0.558620756368474
0.28807554115140876
0.29899634383997786
0.25313586399915333
0.20791633687340277
0.4229581170128292
0.4338828228069218
0.21277026665092402
0.30414162609543904
0.27631884522099015
0.5046197285342068
0.285743476385223
0.5799146383322462
0.28927936953369976
0.20492738816232897
0.23095466103233298
0.22112276053322727
0.3227330225068279
0.3109237902719832
0.21711140601490458
0.3977985754259171
0.2190100955758581
0.23032569326508612
0.29583757994988913
0.22234890721992623
0.31800672086074777
0.28224234468254383
0.267181579949039
0.27792165716392825
0.24960434078867227
0.2522272468996234
0.2080192552477405
0.2011935877041519
0.21460460417705207
0.2362317258035928
0.2808531261061451
0.224105375991209
0.2469456602814516
0.4890728239590371
0.2152969261459679
0.3246756680933656
0.3363889581082327
0.49471391662113195
0.26085912663088934
0.4625429965856887
0.20944619104683587
0.3942913776857389
0.3071997744986896
0.2915330603519798
0.30316168597716664
0.23519560299001013
0.4242878088618797
0.22869816273207993
0.20020467789782503
0.2707016141579566
0.3798168152251432
0.20784393793582046
0.3374720508979786
0.3426758488619922
0.20448937788410448
0.21453899460834686
0.24271360579347473
0.2752025874327573
0.20627860946465681
0.22588758973184841
0.20588921752727907
0.20413227737297485
0.44702191999991076
0.3430841175173699
0.23390022457540266
0.2537244875735896
0.26726840604974195
0.20470787353107095
0.20835997517308041
0.4550401192933392
0.2875945700374196
0.2156260772685193
0.25672940138889644
0.20168656233135257
0.23581968146635857
0.2633225675267167
0.2114589489874742
0.27748976477786924
0.20365456436412005
0.4790066572410573
0.20499816490983408
0.20403287059566194
0.4646131261372899
0.2496871801414614
0.220771540718667
0.20273875944063857
0.35237055862974387
0.27429456438106975
0.5511055200263714
0.24974101281127248
0.3200265291158621
0.2731699810894137
0.26115000565236834
0.21441780301713398
0.20348956988913774
0.2860833822113352
0.23151777258532835
0.2088417280974771
0.40501525403034916
0.2063829856019746
0.23040414570102974
0.285714798012504
0.31094865542842093
0.20350040709271405
0.23657137599359424
0.2159851767494793
0.2531712348181787
0.2088370360936747
0.21524626466957325
0.2021956894807247
0.30462385296702055
0.21733936527887115
0.31656637382503827
0.2517166727973764
0.3566161290260672
0.6578626044497612
0.32148775975559685
0.21856919286092114
0.23681600942026781
0.44228956257714286
0.47781764260995147
0.5818040350547896
0.2732072604326349
0.24387321898878356
0.32070844621369643
0.2018488691108991
0.2036557511677083
0.396035652175727
0.3798905928594722
0.23065624637113658
0.35376205443763536
0.28109227166031486
0.3773690622853296
0.21751986481563412
0.27112001083729126
0.2224919648348505
0.2567380748615108
0.2958603508374865
0.2834462200018542
0.44102563281397744
0.22019357925904687
0.49971489033376393
0.2305084279801245
0.38945227444204394
0.25989072311306766
0.25223249758182864
0.26288363555753214
0.3750990495988753
0.22431230787544537
0.2508531682806935
0.2900629057919294
0.2055202255138096
0.32798493224750824
0.2665849074850921
0.20877290536121823
0.22036824847633207
0.22990158781238113
0.43745251222626114
0.29767781679070815
0.213184043693514
0.22957831916060656
0.44048951675292225
0.43446902142847516
0.36422399880403894
0.3502013074169409
0.2598220339646131
0.22024738266606425
0.21152854255801573
0.3945213825704217
0.20504403449946168
0.23691146778647626
0.21108421010584066
0.30428293716953636
0.2111582066893961
0.25236808597569815
0.413740865393315
0.24198185401312494
0.2148638678801919
0.36346441949455977
0.270388424274568
0.2513103455957766
0.36405065292493805
0.23840193617121053
0.33545767808265503
0.45429270810741834
0.48588836004699965
0.22428465580474155
0.2072286430899849
0.5098863426213496
0.33324134904137237
0.23357836541899302
0.3893434350204794
0.40512596014938795
0.35724292157209286
0.26012878959374985
0.25423206976573487
0.267006637016403
0.23792223212013314
0.27899631773815037
0.2315302041843284
0.44556085415882246
0.25851467132696737
0.2615204312102356
0.4913206008134672
0.42594141955712894
0.22350320216239006
0.2128137662736192
0.23261335880077894
0.24748965491797847
0.2543312232506416
0.37517995982945773
0.28400552485033953
0.23016858888698194
0.31558994381481387
0.23466932689867231
0.23338327457308045
0.22709467698627717
0.26728396454979975
0.3264992522690694
0.34273781585221275
0.2760334540160867
0.2150295915693824
0.22645747153049262
0.23488128980774653
0.39054998092908905
0.2764274805251892
0.29284954853144385
0.21190025981332677
0.20926393969481866
0.2602624596995811
0.20877233786502813
0.24348830182054793
0.20106169256400735
0.289013454644852
0.3327803163010286
0.2566167618115528
0.23844383436063243
0.21798110168094487
0.22375878537297494
0.23890102767046223
0.4318704668514741
0.22094617309476122
0.20920259226295113
0.3449668711009823
0.27266546380942924
0.29154498138249163
0.3415019343773933
0.23701025347531612
0.3934260828630354
0.3294964439936859
0.3254614259820217
0.24562499817961986
0.21866177261255126
0.30914861907596114
0.2111031813005687
0.2008358826487064
0.26023779644878275
0.321923696421471
0.2272487954409098
0.20852373937029123
0.24795048765902383
0.20225594329049057
0.4947314359429097
0.4463292388419703
0.22164469904241413
0.22337423236410664
0.237569849054245
0.3138410488740938
0.22518352446470874
0.2101795875250913
0.20777867235041858
0.20594597687860894
0.2599667382259574
0.21291000458454729
0.22992761625303854
0.36451228623817056
0.21622238787057707
0.2018933543054885
0.42325529128425743
0.21676448926564024
0.3355391072982107
0.26436478423323784
0.21959554263255143
0.2667933624078296
0.2262814026275669
0.2948104016692432
0.23859877881421748
0.2561973340766687
0.2569405463176016
0.23340881994988388
0.28603625018401435
0.4056089745424518
0.22954730559608622
0.3340408971504849
0.2034687988391219
0.25975573021053117
0.33146527122841485
0.37795513134094544
0.32143610661728766
0.24608557982100876
0.22307823468562027
0.7496101152834259
0.23694972685131105
0.23756071391446526
0.2835028172863271
0.21098081083052383
0.343348022595171
0.22373027409411267
0.47265211202876906
0.3716501204648123
0.20396703163958285
0.2413922023181143
0.320775085322091
0.2127626309503467
0.24079503550794046
0.23288024615619612
0.4724972490369836
0.22627788507343555
0.21220068371133388
0.35281530290532276
0.20435444428333577
0.26549436447304764
0.23195085084504097
0.2923539010755488
0.28948302694336314
0.3267445137643843
0.3882736628659085
0.22941412961034746
0.5106913648422039
0.3114189659791166
0.24053232821754994
0.2626052743666646
0.3287923758131054
0.38739678554038576
0.3316058118632189
0.20449520134662913
0.27084169874613334
0.22895056170260514
0.22680337118052352
0.2520661105087559
0.2796774714932873
0.22961954503378096
0.452089583214937
0.35736324075292697
0.26227950144698353
0.2661915177465375
0.3719449916879239
0.2420654418625089
0.5683996931433266
0.2158079585560314
0.43661327286690366
0.2172907054138618
0.34222779727627295
0.24957449044461805
0.20207807957174118
0.4959908283303324
0.23810664742653515
0.46858319585942604
0.3972813111046342
0.2532287990230336
0.3262795409421029
0.24755948723697135
0.22866398301984908
0.276621359307447
0.237993875094422
0.21063455130900893
0.23899290362103232
0.27756101874051103
0.31862123519346386
0.369265567850179
0.3048588012032315
0.3930745888315391
0.4486379595863927
0.20032141497615163
0.24915043647536572
0.2098049465858196
0.2921798728061258
0.2366479699026806
0.2559743560875751
0.2002149507881335
0.21913618631655019
0.27511451964587796
0.321362821600403
0.4797172221029792
0.2976747662137921
0.39441462841002334
0.3431389237560958
0.211053643087461
0.2042022062125609
0.30688803154586347
0.3592762424122057
0.26554629958646186
0.3691479598074111
0.3488446065355707
0.3115200732125215
0.24310460719177956
0.35777776722353727
0.24280999593958402
0.47066364651025155
0.24442231009556808
0.21508820004138257
0.26255583441631847
0.23593291050262888
0.43475227074852396
0.21220012008158096
0.26643862337516433
0.20179958616746146
0.2622002037340981
0.2769874306157231
0.2388631855901427
0.30938784601296776
0.2277359314009938
0.2990140293976553
0.22505664667640485
0.2677204984116138
0.21121783181114623
0.3182860786238033
0.3427533946367287
0.21775240491580344
0.4967094933594428
0.7092737653057383
0.2083290812346194
0.23225772214093554
0.2399193486936957
0.24625569496713767
0.28860755692211704
0.2952172511138935
0.21511447724413985
0.20315207268837915
0.24792803105002376
0.43903175133981887
0.24960356037713732
0.2591679928399341
0.20491121799373874
0.20515562150049554
0.253782908125313
0.22968489595948494
0.20335471531489724
0.38773857908796777
0.21588603780836713
0.3071776802620937
0.22236323524968904
0.3453635933764312
0.27132221477221374
0.21251434618240678
0.2536539791836699
0.22689809884889667
0.22859031192226742
0.24171921433060722
0.33146159269091957
0.44562573470954964
0.2542982792722179
0.33007727495626416
0.3353762712815618
0.2865838093896817
0.4124317020941469
0.20418013484311132
0.43169441161274497
0.223501152811158
0.21551780000428195
0.4180970954673015
0.6683327495756098
0.25198024923396095
0.2670154373480834
0.21968653683153838
0.2081507383531052
0.2048390675484018
0.47785459037657635
0.34846889920128044
0.21874527140160205
0.20023854039864086
0.28551333682716507
0.42888804221340737
0.350918508577005
0.2194446065675857
0.3207213961450166
0.20005396968965894
0.2696471121216336
0.2340444089415385
0.24828357481900165
0.22233762061908197
0.2258443263155358
0.4002186014943506
0.45987198495581
0.37779226192795745
0.2567531122173524
0.24632759733725612
0.20082012508925473
0.2227454768315275
0.21409917594503852
0.20502465770067885
0.2562164058437032
0.27433776522744335
0.22544350536934388
0.21099389382160322
0.2751909886135209
0.3420817854853768
0.2643584792754339
0.20317195856877074
0.20250853915568157
0.3094104905096794
0.23146793123980902
0.32203545094325225
0.20721941419467738
0.47422039064048804
0.40774898349985433
0.41108503945894526
0.4982038030518905
0.46797534765791643
0.41702702366115474
0.30580852108404155
0.44635165571316004
0.22873724421026642
0.2728650474024009
0.39525015216352977
0.20234868171535636
0.20078282114414603
0.289002294415506
0.2550157884003592
0.20299526517810762
0.23395695090477264
0.20078106987203032
0.22079576768547987
0.3053146121557734
0.3187064672908567
0.24949814835880213
0.20714241425560104
0.21136707805183536
0.2139953638978495
0.367906092106153
0.4298392757676741
0.2756321659994688
0.22005140414159174
0.34407212968905765
0.20593877035366231
0.2968568788418643
0.21252325806062167
0.23278782221967043
0.5697713582168901
0.33230289630610255
0.2807847758527515
0.2508917709930557
0.4787080814955276
0.2266500072218674
0.2527890630422338
0.23658310240696245
0.39324913686633156
0.21662514016650963
0.293442233868504
0.2217552904295796
0.22197038516189416
0.2219796232249549
0.2259194004716184
0.4106462062636903
0.2882380096489864
0.27610993927418465
0.21241296713494734
0.21282089212912114
0.2054693346239177
0.22073350046231066
0.21914677866705862
0.20972220088567695
0.4774844227889834
0.39349861427567656
0.2756447064138916
0.21998415563527385
0.3320128737567318
0.2430236019200237
0.24848522471566403
0.44029131644172687
0.47748779319717
0.4095791922005635
0.20605477647369336
0.2282133608163256
0.335676801633498
0.28300996823665814
0.22347381328997945
0.4716789918815047
0.22619476606625588
0.21395813433759725
0.3402767175410868
0.6129881954938974
0.5684448037390678
0.24549070143720203
0.4264363939076296
0.20134772034871173
0.3796278627221693
0.20402582933847846
0.21415680670339676
0.24387057950169294
0.2364538185981656
0.24459242596279124
0.24508944479503558
0.20509535326176476
0.22386847031858376
0.3244185673070793
0.20223131561878632
0.4041867559233853
0.3525756514232834
0.20105866451736842
0.26458439462354544
0.2002837448701228
0.21089906623567017
0.4985637313804234
0.4298002298175339
0.24942148168438943
0.32533159474169365
0.21448850942238845
0.4335202066703132
0.20554694025054382
0.2830586929806904
0.35750249536657097
0.4540006105149714
0.22712466760284944
0.2390233540676872
0.26583359101094517
0.4735899249025909
0.3469306240937706
0.3826241146409447
0.771620571019533
0.2326639721960042
0.4004755414428618
0.49122199073604955
0.36286592343183044
0.21478435056097722
0.23615016590867438
0.23128983637317446
0.4779991480836802
0.423350332622512
0.27178569475548536
0.20744870441564478
0.2583434946847641
0.2252860831571189
0.2093743658143909
0.20089942987168624
0.21717855043234036
0.28559673173636213
0.2648773061034959
0.358536113010376
0.48574382236445857
0.4191106835693616
0.35527469754650365
0.3461616420000643
0.22410052342429
0.21833874085538263
0.23644462422050172
0.21888216205387628
0.21614336098857084
0.2991299051208657
0.349658679344628
0.2000326660491324
0.20688337121691092
0.23024539956043294
0.3464689490752273
0.6187814885037054
0.26564986628555676
0.5475448951453359
0.3292827277260467
0.23280444053613264
0.22902921386924774
0.21144613291839948
0.2051330170338178
0.21540433821628524
0.21817819697524182
0.40776302407553233
0.3231503054337191
0.2069767775241385
0.23324178687536673
0.25108347087059535
0.29890968561728304
0.22558721669307907
0.3796514305163749
0.23923055299977147
0.24432969772967245
0.39658937367095193
0.2017002533419487
0.21415258858580777
0.24805205708440325
0.24072097000774517
0.24539568718368304
0.4642105212646364
0.3262707635363583
0.2603791652765235
0.23111672326292604
0.2146183811476159
0.2071940591428022
0.24035210733098417
0.3693434180192491
0.2012585134793296
0.24016636567051552
0.22723394591995494
0.21820180738918116
0.2811485978057521
0.20477999454688178
0.2012677867478858
0.3692501315254151
0.22141121839383415
0.25192688973001487
0.21086359582281095
0.31162863570370963
0.39230588703488006
0.2326673406794012
0.21731082759480014
0.3805686574189988
0.21309127183267856
0.22830766008586983
0.4049528888529044
0.2542282122107345
0.2968217962229274
0.2213798684773925
0.29431456658094923
0.4637143437324494
0.22384320878781766
0.20118992259521185
0.20516055637560843
0.47191412289155593
0.22481314767296923
0.31288016356010007
0.26818701029196074
0.2860750955213355
0.3395492673577215
0.31425298046875044
0.2627714944073769
0.3772910119297628
0.24827836873641734
0.25514260729532257
0.47975550996461347
0.23448599995055797
0.24484756615178588
0.22046179718634096
0.25159028047929766
0.22926699276305396
0.36769986644591446
0.25457395251643516
0.20659122684626086
0.3281713241917231
0.4692552163213043
0.21104473139760305
0.2070468250657731
0.34825403066389027
0.21546953804461577
0.2690141044761275
0.21461914145719663
0.20526279462308455
0.2482409421212839
0.24538118506744
0.2674700904876339
0.21544408342720978
0.4573593598532264
0.23707343503692802
0.38698594675586073
0.21259347991793043
0.4324524919093861
0.2307405277743793
0.43040639915525114
0.3266733149465685
0.38720989039276976
0.24003812559223348
0.5700997706646688
0.240139882439868
0.28911681836743
0.43144243299561996
0.21787682084423748
0.20739485102522653
0.21698859552782745
0.29705431589609504
0.2778412869574796
0.41632520641750376
0.2962296660642497
0.2064133191780968
0.2029961732028045
0.2894897171252976
0.5656372340395132
0.2684193974810264
0.21417309538449109
0.46241373526474716
0.2771661775526967
0.21814824579290687
0.31774321350271384
0.26250322029753925
0.49040651638050253
0.21630314544017026
0.4423262748760371
0.46520456003362565
0.6902732852450921
0.23293695775719236
0.23985885287549624
0.26208436945489955
0.2258521080517319
0.24410145070119144
0.2778967246307078
0.21923520013067394
0.2469562760541235
0.3214946758432628
0.2531299099755523
0.21151920421911274
0.32210855510656955
0.2043013779931241
0.21286475951773032
0.3246074587077449
0.20649252810702706
0.24443277355778392
0.23579304162297904
0.30250221338994765
0.6834799467580559
0.208569329603064
0.21502077666404734
0.26274013442110855
0.21990013802743635
0.23825224978219173
0.21309961666380817
0.2712296352007988
0.41561121095143794
0.21271739420736635
0.22915749573403849
0.2171359097650335
0.22660044855834344
0.35441910116505737
0.21260573678238226
0.2056383612059287
0.20961790101435074
0.22777024551891906
0.21130012118645464
0.20462022268462748
0.22211524494673568
0.20680003945915593
0.212062596002349
0.2703157103951661
0.20600973877486362
0.4671853034368458
0.2510392455795512
0.22454746903287615
0.30983041736983746
0.4202211062196822
0.2390651670197692
0.27329118549714393
0.21075114047334587
0.3585276600340751
0.21305173659926419
0.3235652126952505
0.613984278306613
0.4835104784510436
0.4372269429679716
0.2497167568133517
0.27177453173256827
0.21365112641737072
0.217761349630741
0.2165500540719586
0.3582476765357362
0.23645218491506492
0.2126684592438542
0.26583676258638
0.26485618824701185
0.5269321251391664
0.2376530288781244
0.22436989021833242
0.24065115129767994
0.320273723493021
0.20057670576570918
0.21211976408103533
0.2503780125337449
0.21198760347270873
0.3485082438748851
0.2793559715631971
0.22744611305150764
0.2844204991015675
0.2349120199945946
0.20897489810822173
0.2330209073405285
0.38110012587019376
0.21360425262612082
0.6977444307810915
0.26101897247800565
0.6223048328608625
0.20807404888582082
0.45511130484925943
0.4048476813081724
0.2446225294796539
0.36497028341054616
0.3463590610409132
0.2100038441416911
0.2560856111119546
0.23074043506125258
0.21962507579622348
0.440652748470696
0.394318265763603
0.4624696971521615
0.2001657120495176
0.22930252849194838
0.268050111299616
0.21347419514696003
0.24541471619363242
0.21313731815859938
0.22130750690366763
0.22990881799642648
0.22128765881425166
0.20016965765861144
0.21248129492280554
0.28501914281485763
0.21490493241135838
0.4483484733880348
0.23590729497811935
0.25995975856474673
0.2059738229526653
0.2842341894427629
0.23430106923352573
0.43140522394036995
0.22523288701948557
0.3650044704047938
0.20444308086335017
0.3906865748840132
0.3422523984266036
0.2529691906786322
0.2055160493823011
0.40017124440238877
0.4000042310975406
0.276087665989615
0.21668719288047766
0.28017867209117586
0.24840377285465398
0.21103265821115258
0.4433552798951547
0.20572928724898698
0.24104175630813485
0.24172750892505246
0.2213144086569252
0.27552300201748703
0.21108198812785078
0.22528475455013064
0.24464957979823188
0.3198618264477544
0.3415493070250815
0.23363506368711195
0.21291229379646337
0.3475870736382696
0.2705347280107885
0.299900772587703
0.2603522670548142
0.4704043552049336
0.41067682018974855
0.49137245758880793
0.20302592832817323
0.21815132187075675
0.20690704422640044
0.30108887117144745
0.2998069205745621
0.24929175876691928
0.23271310253248056
0.23934032634230323
0.22768013094584716
0.26815612990607335
0.4448027414011278
0.20145555561957268
0.21747584199592268
0.27741691271008084
0.21966134474393112
0.22188557774139628
0.3581866203417478
0.22898230176474899
0.20486197238465575
0.25213975865713145
0.23312398143091667
0.20673085319226192
0.22123069633198567
0.23604996593083966
0.20749284992567651
0.20799315237491678
0.33100644567006926
0.20174374923899174
0.34250290486201096
0.3148277028718911
0.38902080346681917
0.41374457438175155
0.20913755428820624
0.26418169587680956
0.22025398866304702
0.33060058021689753
0.20416674863273238
0.43108435079834084
0.23079561400782156
0.5584413178945759
0.21891299997674185
0.31057726722339674
0.42817508972460205
0.2184367869664352
0.22155962327555873
0.2475017475410798
0.42268387663732665
0.31805050449984695
0.5672411558220684
0.29914586430354484
0.2033612234957758
0.21953094904503617
0.21617900888038077
0.21693654155234632
0.25864609577467856
0.2452012901595378
0.2407711948890202
0.2064741632231068
0.2390119296640102
0.2118524132324886
0.20455798710095602
0.24845974657556685
0.20976619253596357
0.28989553599498386
0.2557563590749665
0.24579451950415343
0.22124765383628425
0.23966594046565637
0.4947892478633766
0.23859710361774294
0.3829145195340312
0.21307747165267388
0.21860781641917443
0.20162051425750865
0.22804030661153274
0.3714311846178632
0.20774556334576405
0.33091470231455455
0.42562544080907044
0.20652504493774088
0.21795652149187417
0.26693335266148216
0.21027500825872386
0.30982034240784195
0.25853938437787005
0.23224310231578554
0.2522274909103146
0.20730878514171103
0.20660509940300875
0.2561148019173415
0.2523985032146965
0.666957667586816
0.2052977334161999
0.23016789366282686
0.24250468104875267
0.2953924973895776
0.21766772008531693
0.5974365154672112
0.48186458988044223
0.4108599853763424
0.4962137545367994
0.3706621724137772
0.49512181287760815
0.29962795488808625
0.3885840576785962
0.2808809085992703
0.3067753736630513
0.36801117954987256
0.3004445060020253
0.3629599280311808
0.20329881296226976
0.20311359746259477
0.2522671966818405
0.4871870147949261
0.20639730840519793
0.2412106157942034
0.2713487140312506
0.21763998235467125
0.49554045104381783
0.28661278728437556
0.26751357588807134
0.20783958123960328
0.4472931197660638
0.2540896291006767
0.2026387033561241
0.21260741336109462
0.36263470004370135
0.22826337335590047
0.21335965532184736
0.29432441409037696
0.37089458662757524
0.39912454705467565
0.24835851668762443
0.4340101473447798
0.3272050175268809
0.26823368988588403
0.3133633124763524
0.29382634812818786
0.23232343377890757
0.2832633640294787
0.2927136610554607
0.21990375367044518
0.20442018152802022
0.27012979592033787
0.37873639583030383
0.2927450584936029
0.21002642991682474
0.2751720306278356
0.21590236260478318
0.28093652495107824
0.25110990998182636
0.20969816231821803
0.28132418847366014
0.2816441476037511
0.3899613367332171
0.24305337593674736
0.26326117654452363
0.2658018763283292
0.2645341490602032
0.25634958458080503
0.27502141398435853
0.21255642214686843
0.37181676163061644
0.2661553345902903
0.39848697946829
0.23261474291530598
0.22350875991781893
0.2299391017421979
0.2440416052150129
0.29326918903603894
0.20437597327027812
0.4073600463204908
0.43146770003958856
0.40296671522855804
0.2525842589031325
0.24773241153005837
0.21394144010208122
0.3216148597663747
0.28116290293235635
0.251324672297667
0.2035486047499091
0.20325447006961722
0.22436657018395523
0.544459571813974
0.22859621814963127
0.20428983515834692
0.3324228009568865
0.3402707350354428
0.2405404752208991
0.39383542601486315
0.2191423921274932
0.2133363013781831
0.2618324418234514
0.20756071240347357
0.2651744576911747
0.22971974802686546
0.23249138565404304
0.32704174604496605
0.23789793992474062
0.3166003507914246
0.2553742088699515
0.20145989280446885
0.2590384274042699
0.4140662630887668
0.3331991591529708
0.25064639796501736
0.40011126861788754
0.20191831820865813
0.42905474993926607
0.24739999041227728
0.3490917019334824
0.20806422607671837
0.3227099125613597
0.24159985098941883
0.20011210075377034
0.4662715134227423
0.22281735961033577
0.49147331872195194
0.3022613182047752
0.23301736748679042
0.5577660900402944
0.3737303290668412
0.2903010606695408
0.2126097620650324
0.20068950168080846
0.2815311979638363
0.5942410523528727
0.2755142523535078
0.27529269045632776
0.2201533953365168
0.26504243587416376
0.264101371235761
0.27958535487038316
0.200915909999702
0.4932288011643847
0.20355940006714773
0.24886195847148762
0.2545410020207348
0.2679692503100907
0.22973435093316996
0.2331964149177872
0.28076385403797377
0.2288219344199504
0.28745823757058
0.23023068070725677
0.3021904182907078
0.29991222843242604
0.3022614454247572
0.25101258913076085
0.22462578713792836
0.2082472872129713
0.20188065772886588
0.29934425064604553
0.21399264212795344
0.6415823436729597
0.2311996897049352
0.3048529251590553
0.5419353391536009
0.2024396725287279
0.29622334243056414
0.45089857555413304
0.3957422560802345
0.20943834745120232
0.22434459580119404
0.21759419461075197
0.21569740949650562
0.22828945727331035
0.2411747581897536
0.2039414762672117
0.25390510461540494
0.4156687940657936
0.2278061436235051
0.4273308177870027
0.20735016927809752
0.30233213252246194
0.22595225375852085
0.20738948658816647
0.25656368218348785
0.3532928091700397
0.263207649557721
0.251930719068978
0.22971585226646274
0.28537352753838563
0.32678931564880664
0.39509489046227936
0.3865814297942569
0.2182257953600386
0.45814666483869626
0.3741936507968999
0.21734178588050285
0.3358036521406367
0.24466833149309658
0.25495117522543476
0.25714939938045644
0.23301424184455016
0.2752708381590777
0.266536993280715
0.22287684031480787
0.48929507113894083
0.29070633197599904
0.43158976787733583
0.37863632165577554
0.4423144379379412
0.300991987284198
0.2434997677786564
0.2042597714959361
0.24171283186408427
0.30982476355680544
0.3858853095717983
0.22591570062378163
0.27137336146503727
0.20906548838516137
0.2734546041983713
0.4783276609952827
0.2183336121355397
0.26538993522711485
0.30141828489157074
0.4677015367056457
0.26536240325404736
0.21651164948114116
0.24544249509725435
0.2990477930219214
0.2625490738957794
0.26471306701258696
0.29622441122324406
0.22616530509762578
0.2031470898211234
0.24573853672750723
0.20333724067041753
0.35064075533100997
0.22880226885201788
0.46913554610945507
0.2086034748041145
0.30929927492832177
0.26846502787988885
0.22558450277405678
0.24123379253012328
0.2360680706527412
0.2600125514466058
0.473893770106167
0.3172254132858127
0.3080197259526597
0.2951856451979885
0.23550064535948645
0.20017472778260598
0.21768105033586527
0.48107003427581463
0.2084480754976289
0.34690848335942415
0.27081604758402544
0.20505667957215462
0.30381327837015365
0.21679527859902015
0.3778319394214451
0.20387857564676587
0.20009472147137575
0.4071312853381588
0.2257398009220128
0.2602567782081916
0.318369671435511
0.30849290733572354
0.48121350034328814
0.5460646052452294
0.21689899528504158
0.2010879994801223
0.25170393935050467
0.4808496553435382
0.47980873834325827
0.296425411320569
0.20358817590954748
0.2976162868295851
0.2394950941562798
0.5833239117042014
0.2464261277052643
0.218872530667935
0.4360411589075396
0.35341202849220243
0.27335619313601733
0.4964346851138645
0.21027135329748686
0.2441594976182475
0.285265708697838
0.2814938210378506
0.4287089789278288
0.33714178630426883
0.20485295264853076
0.3219881441808128
0.22087988595927738
0.23953369045862766
0.3432202938012061
0.277599288969021
0.4562305869265568
0.26339604129362415
0.3076523567136393
0.24510451019463175
0.47829583185462743
0.23818063961667002
0.29262436983431295
0.460914791813593
0.22689043805813786
0.27012527182909774
0.35598899541928686
0.2060888870127911
0.22026722660780146
0.3771250790107769
0.3670988917148058
0.25772917137796336
0.2126099749066715
0.4831087417936207
0.21979018305344095
0.209630414183751
0.227361146324898
0.7073396438228402
0.22763059463108798
0.21199534183908364
0.21874484464597133
0.26083734900377614
0.2391584696798572
0.3349783725589864
0.21689696662075142
0.20819920899884636
0.37457837263195237
0.2517821315028692
0.3929731893983781
0.40912161019332655
0.2458700958697746
0.3765477282624961
0.21032826263101
0.20042063048392084
0.21699002200576206
0.24413587796586134
0.4603060426786199
0.23325384057561488
0.281987225965007
0.23038255143196767
0.33294651718067547
0.23902753546691669
0.20793828839006645
0.2853807396634856
0.21973111987460903
0.39530739065536896
0.2902521490329285
0.20591087561895627
0.41530118167922225
0.21144910235742742
0.2010328719693783
0.3184232894794203
0.4245751627956439
0.20022629160529165
0.41847721335083843
0.2105237790459064
0.21830943993658009
0.4563397997792933
0.20418815840727406
0.22739326635280716
0.5468015767013344
0.4667183493280156
0.20251918334444374
0.23479791254873805
0.2774165541806873
0.38147311356201713
0.23853769930305668
0.21613932049975332
0.24098953438022863
0.23555615528835322
0.34263408902152315
0.2294954428929794
0.42571829888908286
0.4649445515771715
0.49186188278769233
0.26339636609559125
0.21332063746986596
0.2029621942559593
0.20586305738029326
0.30904450754193263
0.24080478706915048
0.22415631154649113
0.22480367031472026
0.23153435191990057
0.2024279320362501
0.3464450856301195
0.30253113759483363
0.22883063931265246
0.4933668124229503
0.40213288023674304
0.3106844200208164
0.2800180944182129
0.2633515705298606
0.2645401644879016
0.2551004644163175
0.21084218880563138
0.20578769133083863
0.24327605066264874
0.2791364996098722
0.2481893230446816
0.38743016213315395
0.541670178109938
0.2788581665744623
0.4775889471035841
0.4089493793944903
0.21021646882075973
0.2724579880025481
0.30198614413890235
0.2082649188533744
0.25028695210046126
0.24376212621018223
0.2404149685101259
0.3035934857385135
0.21108788214020197
0.2581260459979554
0.2552915054041122
0.21901541360439725
0.20873769437935086
0.3313373708113667
0.20129998842664815
0.4928117600681318
0.20980781953560818
0.2979006204086232
0.3189921222199562
0.37608062750898563
0.24090059730203284
0.22657893453822453
0.2579842392760281
0.2367083917720299
0.26581239834315595
0.250937674850024
0.21776497168510167
0.21955585011391837
0.23409191206831992
0.30881280467864713
0.3439224657053284
0.20633474310550592
0.22110764823825363
0.21395034871248236
0.2486904365126737
0.42086035685871176
0.24149118807336178
0.28557692875187635
0.23796623473727785
0.2520819944347475
0.21278779625906075
0.25544334938325886
0.2423765521195284
0.3130848751596611
0.20627695455759715
0.22934429642991067
0.21591335522274896
0.2753018919509763
0.22313462985217392
0.240148258165301
0.2591176245177973
0.2554536555376988
0.39471499992304726
0.22828692400757372
0.2653276128821678
0.2103502873506637
0.20240971511074257
0.4822802088965594
0.3779721215679074
0.2220645133081408
0.31290178887465886
0.44917747846301975
0.209618587117179
0.4405698684090431
0.20775750891856154
0.2037308572852693
0.2695453814228063
0.42011657798752366
0.25369980423821603
0.32251289175425524
0.20034619470567977
0.258445818346241
0.23707315893257785
0.2671610914097432
0.28947841984729583
0.23453215089816754
0.43239648777971057
0.20366393346765488
0.4034203958331393
0.20994332955490358
0.25047024685991826
0.202948272654631
0.48451421802911143
0.26771064580051374
0.2582079496090046
0.2510499150952241
0.20812203362477144
0.2237579989559118
0.2096333397417361
0.23426707589579038
0.41881859599998666
0.34225888997422804
0.20311127811238644
0.41850074178048047
0.4076111085788978
0.23666801554386396
0.20294709316132153
0.24148518222583704
0.3133044235739455
0.2380011495371634
0.21253421137136624
0.269329787987875
0.6773968361798484
0.3432680359382736
0.3874456295242709
0.42782753263496387
0.24572459300300464
0.3336943653449481
0.4696291707149232
0.28193414533786504
0.25479553891183976
0.20012537011933246
0.4192880480476117
0.21780015418682513
0.47522412344395487
0.21565087371083125
0.4603515365466473
0.4612032080076372
0.45694888172555903
0.2400473643958776
0.23172147533242077
0.21527786907572155
0.45045252559283655
0.2627976538718365
0.21111311889283013
0.23265736086622207
0.389320625309615
0.6920750075433982
0.3060078895151852
0.2143075102805473
0.21920307284142382
0.5625103138035034
0.20040885333518144
0.3662890330761672
0.2478085439658333
0.24878065479537204
0.22240899021473481
0.310860474868922
0.3687239178382602
0.46743545383772506
0.2199827394473456
0.2150168488373571
0.3187461754267555
0.38400721101473295
0.22090384920914752
0.25009011173444373
0.21047380625100742
0.3254557368349017
0.34689512697397706
0.3102431616774569
0.39152396954718166
0.20481095847453296
0.20585022731551045
0.2283567839148687
0.23097223226552677
0.2086753231170866
0.2162199132911085
0.354625377269435
0.23562568065887868
0.242477823755952
0.26642469426479654
0.2729729776932418
0.31665991323713516
0.2090650767254692
0.2750833620161196
0.22700976095015662
0.21431526741416418
0.32624822240420603
0.25451063396034995
0.20775899696894717
0.317941582138782
0.32731429567218484
0.29277003172741933
0.20896343467804146
0.2151310561323102
0.2685810966291857
0.2330370032375459
0.22001154396866007
0.28834361711859224
0.20351486453833806
0.2045702514844746
0.20093825777986013
0.3362264682972869
0.2557602817947409
0.20734323333400123
0.26237418304725507
0.20813943410056396
0.26390789657743274
0.38902099596702355
0.43560421463532495
0.25376850714263094
0.25089828788157964
0.2429749355602856
0.23592649100662177
0.3235229639027982
0.32363865304766365
0.31032138414981303
0.22136216846818169
0.207654533334025
0.2170789081502032
0.2388050193274044
0.2094423497086761
0.34319464157469615
0.3563445475077083
0.20687003284991662
0.202661955648814
0.2338746555660518
0.2175137025816664
0.37093053888416055
0.2526820181913302
0.23249946681525296
0.5275527370073926
0.4536536627844006
0.3721890011561086
0.307419530109884
0.25045142506966056
0.2129762008012291
0.2382981151146561
0.2704110838912272
0.21517698469137547
0.43077012149245064
0.2058807807901793
0.2144681260848148
0.22845128857865
0.21976120979843677
0.3296087917489766
0.21350058857960785
0.4094323408887445
0.5170702303445553
0.2176300798411282
0.3603605967046051
0.42520269487828677
0.28008602100143676
0.3187433884095088
0.22781071096140493
0.3121286868764398
0.21696184361650767
0.25557001470074237
0.2530907908579334
0.21688712850740094
0.4079186832109013
0.20459579464896155
0.33126594794858133
0.3077351717419706
0.36315212180989986
0.2414635509826592
0.4038437817531339
0.20267619221558897
0.2357928063700206
0.22818622082115053
0.4381715039605328
0.3244267390722051
0.2521583150334483
0.21551771551586524
0.24796319709584208
0.4773025739795966
0.3301356798096618
0.22187501163728957
0.36110518907899725
0.2484731909584414
0.2051742361545313
0.45614502348443575
0.20624695217802536
0.4605276919165397
0.29368824530706156
0.290202885599873
0.2970434277704016
0.29810584933993645
0.28008979658743904
0.26240238450690223
0.3990708988297478
0.28054621920650147
0.22525795106648105
0.48529106616355294
0.3671134486132587
0.2540014781578076
0.42460135523755504
0.2040768203352663
0.3166458568896715
0.20739998590783515
0.24267359951667167
0.4769125053024655
0.2843771343332798
0.20043104370018588
0.2636300312766584
0.2795122343891536
0.35276735116619173
0.3445467160761822
0.28370304401086077
0.3469523951904142
0.2578303024305827
0.26040701074337136
0.4580632065983395
0.20906785167570408
0.5413373241581051
0.2644918260874366
0.48353327044099964
0.2615024323213375
0.34754491490399597
0.2594756840857909
0.25831622778020064
0.3439820067976424
0.42508738046587824
0.3706887781764062
0.420690372503647
0.4975503081812509
0.23001801624442614
0.331498653596355
0.4223641768291213
0.2465176286456332
0.2059917707034244
0.21861890097993442
0.2115398736793433
0.3973511133401306
0.42952143984133834
0.32765009645487586
0.24246097091532332
0.2217218697074813
0.20009070768816373
0.2373681611715776
0.2438091474085909
0.21644084306564576
0.23921447151209524
0.46097403205281157
0.21093970112210703
0.3075391906215311
0.44730794467047114
0.24796792635547338
0.20019786811313467
0.2771369259844487
0.23973384996073777
0.2508847367596434
0.3582062436710024
0.45573260182671815
0.39368047037401155
0.42581678788098515
0.4164663637284024
0.23143745171607516
0.29142444622288366
0.2085916152815841
0.2649574694320184
0.21021362219873202
0.26780207835046055
0.2525147713483442
0.22711834919103002
0.31281755946988254
0.3074588715966059
0.22306120292714854
0.24843367792085325
0.20351981517208262
0.22388873889969357
0.28396163631306637
0.2299498120744004
0.33476010714666915
0.3684706852706009
0.23572783391473623
0.2954797598621181
0.2700048985815968
0.46066708633817754
0.22468227313404576
0.2609989175106636
0.4664341563505178
0.26185346170242724
0.2845600793074367
0.45355582171031406
0.44687853649287196
0.413051101464704
0.2222735167523569
0.26660138808126044
0.20652278719747935
0.28504298904055736
0.33662052913661833
0.20722721059092458
0.2894351264912954
0.28924418957485554
0.2658859670761291
0.24653533166671865
0.4782867779316084
0.29553452376724854
0.22281669300290946
0.20645047001331124
0.2411495514377036
0.4545236116964003
0.4664662037072068
0.2473360255222452
0.25604904897107217
0.4763687723610178
0.4065967121316085
0.3216027181349621
0.20368083250485547
0.3333227479628925
0.20289213627052421
0.20176971906967833
0.21413781736972426
0.222350146553624
0.20954172718024183
0.23344524882037337
0.21613207266181728
0.4672699653053338
0.20876980169076043
0.31094794648156143
0.20657634313350348
0.30109850260893495
0.2785604542121719
0.25003171934822577
0.22696301448071854
0.4064679349169352
0.20692795485726306
0.21612882470321565
0.3996027162168522
0.23661111928889883
0.210149516782902
0.36842288504444
0.4060447907410742
0.4624611452205652
0.2617070643506195
0.2109431951831559
0.20862383350965663
0.26405972606025374
0.49320170412572256
0.343442852825493
0.27175555485323477
0.321360675179708
0.2209615333990979
0.3913318009389358
0.21380382172028484
0.25260360893608896
0.3818482011040961
0.28914521502047263
0.24511008791838168
0.22286672560898374
0.23835624741009148
0.42517810205997614
0.26082598844014504
0.22684430694320667
0.2098731493518064
0.24325197967816942
0.25102335314280305
0.22384558796265364
0.2318988496817423
0.21274284006516647
0.44173994540542655
0.2820943122603099
0.22853565629846256
0.20872926771362005
0.21214437098651712
0.39567657824130004
0.24956320040362884
0.2517299424181914
0.46282937044951916
0.2270221956469795
0.2602783641331371
0.4555583596153419
0.364719162686745
0.4031055032799332
0.2063560806896691
0.4481017639914088
0.20626038551930242
0.45137656231671475
0.23024505541196666
0.3350546444843465
0.2839075912098274
0.224931300000823
0.3337991409460874
0.2282998396348372
0.23114108489975782
0.23929459177788903
0.2373856493350328
0.29158234744927924
0.22066537405743342
0.2966185266332707
0.3034806282078182
0.3844883745667129
0.3722636363213067
0.22437476092184122
0.21670274626075875
0.24749313851384813
0.26819567190437155
0.2750613869773644
0.5734771504866473
0.25215658509295846
0.21068446685570597
0.2266040672624507
0.23486407656791697
0.44091263126697355
0.21682729836366044
0.26066138182589893
0.23697936020484017
0.20093667691949074
0.2285419697509976
0.2621424714089857
0.26839174156150314
0.2127056050892544
0.37304104029944446
0.2979165040653339
0.4035370473145503
0.2343562409084219
0.21371584309903857
0.20348913764251791
0.3934135586853422
0.2568912989112339
0.2000315509856842
0.20087029450021127
0.22170700438333985
0.2847674487161085
0.33487359563987096
0.42103764329736854
0.20864297401752518
0.20488627895550332
0.20163619444208486
0.23139672961876462
0.20790318897330395
0.2723185604694735
0.24409279452079252
0.39500654312673467
0.21350337589328705
0.21194300036197455
0.2479651029295446
0.21253810570778925
0.26790651908992374
0.20313407272925604
0.40649160145650537
0.22124359417094364
0.2869754182112987
0.2752694337023869
0.3814962057048691
0.29101741118072333
0.21614672279294972
0.2805909928157958
0.26987737337890105
0.3108483493078381
0.20060242164159614
0.2046931851913536
0.45889987175335
0.2502748712717176
0.2477518746739506
0.2320233904186702
0.2405842064189665
0.4046925790899127
0.33778401717498197
0.5647120030195599
0.2688828068672404
0.2912941577296556
0.2621925590506058
0.2298255447274135
0.3289289674653039
0.4667710307129361
0.3005884013210397
0.4216277369931763
0.25685889347773666
0.31764468854174255
0.2019374214170475
0.25776363799974467
0.21266620516526075
0.4561555150898867
0.2953431865195515
0.2613681823311762
0.6096053820312235
0.20284300836771652
0.33362555447927145
0.24957868878124778
0.32436334973159786
0.41122421518811236
0.20758052311959452
0.2102150673135253
0.20057028886289308
0.48624336611717156
0.2847705904371324
0.22489568432378715
0.24843550971784395
0.22832186710333824
0.24685752093439756
0.2157745292823935
0.22287232863574835
0.44903719592820085
0.3223256443441361
0.20291441970641733
0.48361635039339756
0.40722948576676965
0.20807144950563417
0.2632578932593795
0.35362866083985267
0.26333842893208104
0.2041660983252418
0.20222139086881763
0.20470189701737096
0.3475920399557607
0.25228300098062495
0.26439543667049403
0.22142167239900562
0.46196631931379356
0.24224879398700727
0.3306886168762254
0.27102684454862475
0.2260017021356076
0.3541735076514323
0.20795401784772455
0.28529720143746473
0.2200188303347801
0.2570015498657121
0.3499006911738667
0.3943747492640774
0.302098822693048
0.23063008912167932
0.2941463016811079
0.4801243942485994
0.289235840206886
0.2518601036126551
0.2718641627058644
0.31841489042122006
0.25077453419535795
0.549600056148256
0.22263463164191377
0.22845258455885592
0.2966869382933033
0.2966257721108342
0.4331005573023668
0.33194619585556656
0.3163058346223292
0.23228303961945695
0.20409665834496565
0.27384979350067973
0.20192757372870224
0.22621972569241533
0.2042935054835165
0.32894128945261214
0.2102954580973716
0.3177374251750038
0.48356199307451125
0.2409505529041282
0.21902425179441581
0.21554656423204593
0.21000050185180108
0.20120843749863393
0.2808655068769721
0.23822325579076703
0.20171667769874224
0.2629850039840526
0.36372737005888467
0.27067326029518335
0.2447906581115783
0.20366884593483608
0.20220184974264693
0.4262144931716769
0.20386983801926978
0.22935146109120907
0.21805514289835992
0.23161611085152795
0.3443009066776185
0.45703426497405364
0.2345287710908342
0.25263850300930213
0.3114339780046326
0.21909305770179932
0.30479341988542485
0.41960797347034723
0.22932428589248893
0.20125812211493266
0.31187541926840623
0.3331794546568442
0.36601597546273046
0.35028664495776707
0.20177894438736094
0.2577191646653523
0.3056234041705929
0.44358513295705015
0.3278890710142207
0.2536340463701049
0.24154839276351814
0.3653569024857022
0.2647136284122076
0.20558333721770589
0.23461398687389923
0.29335279445122514
0.32720772315043534
0.4736822308898913
0.3064458612851555
0.2437594775627891
0.21045953490762304
0.22703461980472256
0.2413524224432249
0.26199387636760774
0.3121513074235289
0.20045915662918
0.2684778192035038
0.21163763703357868
0.23335559991776988
0.2543588563514477
0.3864081910428169
0.20526627165288325
0.2585656027135549
0.42308401198509255
0.325901260663781
0.26373941127884193
0.7160127218916545
0.4356393187935869
0.21673873997734844
0.30293535848559383
0.2127443562800107
0.20923464614309562
0.4636263883720301
0.2518274056199995
0.2874616116351614
0.20195124608457
0.2233409488933904
0.3638925232365646
0.2245695227149756
0.30518706597480805
0.2342156945225412
0.2632894332917018
0.2275576121281408
0.27681869682311067
0.2534922223046264
0.6579261783092593
0.23277002023872767
0.3697007519738258
0.20829421307162488
0.22631471101573392
0.3003958592690371
0.4154793767398852
0.22734554828621356
0.24489576994958923
0.4279046981084622
0.23289411369361684
0.2767232294242331
0.2176466127406162
0.5118408435176036
0.2886686125410505
0.21384033585664508
0.36166554939810236
0.42307975990589397
0.20122188800376556
0.27511997172064956
0.22813231810783113
0.2852064890399071
0.3326174878602881
0.2894640320146499
0.21618554774455556
0.4538031150328847
0.45789554264057786
0.20412388830263378
0.21175749068561822
0.24432082275769118
0.39903654032546426
0.4690337298491927
0.21607618149460822
0.3562596748287967
0.26992771656957704
0.27880321866966185
0.2607364226597202
0.24278611906022346
0.2637960489710543
0.4318929972296721
0.252527712547647
0.23509836671035456
0.21183869343312306
0.3834539605204678
0.25771903582031297
0.263193445971762
0.3915341790441811
0.224378965004984
0.21085248910493926
0.3129888873321465
0.28606694851265674
0.45518683581002556
0.21225920350999672
0.24281446891870523
0.20836532253847612
0.23513016552956445
0.332186381544762
0.3934582455406333
0.4748222555716535
0.2019662477266017
0.22479244294640865
0.24483350848889668
0.23087589992419033
0.29931473148018384
0.21985061610820972
0.2610518606664747
0.24567419504575544
0.3216457496808779
0.32956019544740023
0.383612227361853
0.217963793274505
0.2047472297865906
0.2023995466597725
0.24854630139305572
0.29374640356882464
0.2624158357087218
0.3780569459367706
0.35845631691723734
0.2584829305974062
0.2743799669589393
0.24199735255556054
0.27350049084599126
0.3049260213539807
0.21945952035867367
0.22535843011876083
0.25705921563789585
0.44516755518556267
0.2818379153241334
0.20089921127706628
0.5578884064323372
0.28977729136383695
0.2670965813321915
0.20458426231290905
0.3616954885696424
0.2747230937505681
0.2235837417372914
0.3408927105680144
0.20047215023353093
0.210241615845016
0.21377859099377267
0.2515874126095504
0.21839766599464422
0.25355857210622235
0.22500807455583577
0.20033215648541292
0.4371471112978477
0.34225226770365125
0.37195838969047135
0.46409901081385546
0.3560809150430646
0.2413309375399008
0.2270588963610375
0.20429056128889983
0.2404457478664151
0.21649530168528097
0.6700677644896753
0.20682420723934153
0.32853041773969544
0.27045096621452036
0.3489572035090097
0.30677331806087343
0.21746991989432984
0.4655581153148518
0.30404677866614027
0.32542990881386213
0.22699662250574754
0.20122821017574843
0.22463930333130994
0.29547293123054186
0.2025335432309741
0.24077991759258416
0.2024887069555868
0.20468417628524577
0.2557094854035004
0.26097729424524074
0.28087895449228817
0.39579257061025847
0.21485165332983763
0.22153210814545365
0.4175780625207946
0.2592646616383059
0.35446063165146724
0.22863599625987413
0.20927485770445764
0.21120398512693433
0.3911440884998236
0.21373404903454524
0.29982146593645176
0.21674574984990558
0.3619128400048118
0.3814819423611453
0.35813053857235766
0.33311100146186073
0.2533941543940903
0.20219136253934183
0.6363258187519152
0.2016433087307692
0.30916617703017046
0.30627461598788397
0.33932358685377184
0.41737207817310595
0.2621347684581312
0.48542441896781446
0.21632429556778188
0.38537726471476214
0.23203101537109666
0.3334284507515327
0.31978065154785884
0.29968303849711253
0.24410004630802296
0.41984674696583335
0.38994711727969344
0.24187413133405467
0.3003366411586832
0.341389710789768
0.33940487489248866
0.2173588463520134
0.6550708321838938
0.2924833319750672
0.20952668081353648
0.33515398648200667
0.2391184490767344
0.37305556251890143
0.29843294015873745
0.28222389525543823
0.6424364004595597
0.4652234326554994
0.23398296574979854
0.30380205996027987
0.27891320638081385
0.23910769872751825
0.38831296005851407
0.6135838872965971
0.2502837934734585
0.25905390182034777
0.25387853127490034
0.2155554909056775
0.20497570057498316
0.27724004128041224
0.20706947358688005
0.33781321084354615
0.28667958379178865
0.23517748666235982
0.30463883962554317
0.24869828063722593
0.3307491795508404
0.22578349544326104
0.29194858022357734
0.215498185246986
0.32653355456774
0.2082401609413001
0.36410834942845205
0.2359828434253335
0.29974584786152525
0.21875890032395523
0.481439831432752
0.31632994457887753
0.2637442777185487
0.3026803782382885
0.32360250121309836
0.20432006153520138
0.30796389518944955
0.25208377364662543
0.20804000198257333
0.24084126040577347
0.2112892921267172
0.22040139664145142
0.28103003924632874
0.22016661884969435
0.23054645620356756
0.20103979635284147
0.23771073211802024
0.2729221133845622
0.30565089970327647
0.22684065062936065
0.2273333193603977
0.4199970895153506
0.2847790573048844
0.24522859101053823
0.239995909366796
0.24876833354787042
0.387335748938696
0.2760280730071978
0.7750086663651363
0.22102063770811226
0.21875010141859202
0.3035698083561277
0.2936330936566287
0.4991931414857747
0.2653780282812499
0.23364510860763726
0.298552207517522
0.22298514113968565
0.4156162555565714
0.2874803463272847
0.4635299887506828
0.3219050616963328
0.4683187900509123
0.2575925604249899
0.2228193890211373
0.21216508227329872
0.26266103257839835
0.21960985250261011
0.4095165572132637
0.21652199432835256
0.3062799408363634
0.20553672684588087
0.5324830862717267
0.24450431936199846
0.2788860150426642
0.2641697419713343
0.37866446414085553
0.24487697248792
0.21927846250983068
0.3617650073609323
0.2124564071095984
0.26658229640910336
0.36441366191039504
0.49589157236853115
0.20287645583173192
0.2828693204752438
0.25126417710974813
0.48022824371077105
0.3382893627107024
0.2264295274591171
0.25601911436887376
0.227787438317888
0.30186181961037073
0.2682717417690468
0.2095606494205195
0.21133407443453223
0.314251762246319
0.20559761318778064
0.34604374043790626
0.26840444010602094
0.26922414188729094
0.25025135980597074
0.2799669698851207
0.34395159750581294
0.7974384875957297
0.20584736065728343
0.2022725740366193
0.21006863375412638
0.3746156610218423
0.23318878425875772
0.46433060608955307
0.2942783778459481
0.2025853062287742
0.24422018257669292
0.2018644830621028
0.20999915368237754
0.22816838459407962
0.208619533959642
0.21779096429280248
0.23258501662284853
0.2347161790845606
0.27813261548697543
0.22697121351347083
0.3648661317647791
0.3693090768699347
0.25294117118616233
0.26933459090078243
0.21012404525409056
0.2181576351111087
0.27337000810836254
0.21213788593202149
0.22952076251816583
0.23486467808539102
0.21852093283058188
0.2020784548138883
0.27423098774834503
0.2059846017642264
0.3292374586655661
0.20010967087954173
0.23557749449968396
0.2007274977467165
0.26531489629857563
0.42393845530889895
0.48687971195624413
0.3083244390371258
0.2665330810541712
0.20338516864481004
0.2069762837409601
0.22242336650832956
0.21869909489549905
0.21481303642650051
0.20262044021271858
0.22864080090887784
0.22330395736328057
0.2987933438868662
0.2597851648661039
0.22734259103650178
0.22651829080154579
0.2504977479294015
0.20572297813635598
0.3953536244606855
0.2642190353175326
0.2510512275314716
0.29389325837897284
0.21914544420120713
0.3029445838983379
0.3229391616995504
0.3063414790106567
0.23727757245398112
0.373515934380963
0.21670201391464827
0.2631404349094972
0.2377573354063422
0.20475497514256863
0.37474592201705936
0.25472854522710986
0.2497656653182942
0.2145731579659385
0.38716783369969504
0.40355090938892846
0.23218162895686628
0.26002486299565997
0.21473245962880128
0.2088158121879482
0.3094725186330083
0.2428577998448121
0.2082771940366599
0.38988121026748923
0.3079898155263049
0.20397075214667953
0.6601248389284867
0.20989434198408852
0.3010592728184893
0.2499209114696142
0.3259225685096908
0.25785370652229267
0.391416415462178
0.34116315821379667
0.4860480132712859
0.20147314217349271
0.3278903965325609
0.2222532238258374
0.24691371690067127
0.33627046982249387
0.6774211407634575
0.2569871456713424
0.35217293730656607
0.23461855733632125
0.6193520475740188
0.2803234420647599
0.37008639060282544
0.3289227904461874
0.5898683120780817
0.404967922513389
0.22564769866056095
0.29643286201355534
0.24552121710279534
0.2236134902086741
0.28603746248323375
0.206681910186031
0.2044890392946056
0.35430124948851593
0.35309311356811646
0.20958800919028453
0.24871170900646866
0.20792190268547966
0.21587313718674872
0.260173244412892
0.23248182752553098
0.22167287579435596
0.2673968632906441
0.2933853990270342
0.37362271632034594
0.21835169013649874
0.2860316682207648
0.2189552316987029
0.3494321878560886
0.21810684701426636
0.6143780620145689
0.20569507694767336
0.450805775088386
0.4578574784362244
0.4256723922719237
0.2549004902693387
0.24332478899117138
0.4960331702282269
0.6365906442072121
0.20916292911623974
0.20353506313181424
0.29088328567585997
0.28460300431921165
0.30519878973474535
0.20930481246588611
0.2021670976074869
0.30058405569371904
0.21256955062498112
0.2302476552057074
0.2492397993206969
0.3448167710579225
0.3407248880781784
0.23496395294601996
0.2628327997486645
0.21367730087550385
0.20551572376980431
0.24089393875584664
0.2640636416036011
0.4199276498338962
0.20499971175070308
0.23574720266320442
0.48202900161259316
0.21530951386145025
0.4324735435239514
0.39718326523387587
0.46546522432889675
0.23112506279896
0.31240731092623875
0.3944722146880554
0.23572874946737582
0.20790482043473874
0.20054103893333597
0.39567648002744676
0.24756599665466628
0.21041878025447053
0.26567986872491456
0.3834007084870546
0.3633109943273952
0.3361596783337206
0.21388573904566954
0.22178684835473433
0.24000508084555894
0.22292873711805494
0.2047693246262588
0.492035481096785
0.24000356569706588
0.44826172051393437
0.21073994396430995
0.4731299132724276
0.2420430035626911
0.268594820571735
0.2628724280253455
0.31290006730564146
0.4100864907555535
0.20373625497386189
0.3866794932353362
0.20655538748615238
0.47717694476450745
0.24819813630511367
0.23637096910383537
0.21270653964190672
0.22223766033535708
0.45722701667042953
0.22795019981560155
0.40868393722210417
0.2879469171218719
0.37248015470961204
0.22214603559423313
0.20231236772850747
0.20320214087187755
0.21083026434790486
0.490973369791363
0.26386050782931536
0.5355040620389969
0.20274676531284186
0.23140066350369726
0.35371076041384497
0.20046669696852631
0.2985526043850594
0.32908949901487106
0.39442315814420015
0.42797622857577616
0.22441128847060232
0.291143887459965
0.2418762008035878
0.27554292783803946
0.21755432102591327
0.4141873114047975
0.24276768871593551
0.23349127991971902
0.3097099180210158
0.3677421639877212
0.20386172741051817
0.31233603425323364
0.2502119586979539
0.20891311265365564
0.6638023332507457
0.25468162905198927
0.24749914262685202
0.2854798525573101
0.21112934129816668
0.27200752466714895
0.2507788715602478
0.22388012667679785
0.21928293245577296
0.2781773911930987
0.2022467904332787
0.3531923742416094
0.5647335692029596
0.21505346133778103
0.21067549984477163
0.23893157159085726
0.23236081003253822
0.2149210286919394
0.204249144553662
0.24834577244947437
0.24082851658304283
0.23566344540882744
0.22460854654047419
0.4741873244392529
0.20331368300639124
0.21849873570279443
0.20319872333086175
0.22790722899485444
0.242914214869894
0.23857960160427494
0.2842745428929697
0.23921724422528945
0.20262675933705054
0.2060253362506877
0.21386757403168016
0.21236456427921419
0.3621064820581298
0.2434276503211772
0.2552009007509576
0.39980588845037174
0.2255719067170885
0.22039765860607669
0.22137270309046686
0.2196467061221677
0.2320508421390599
0.21490639917891247
0.45580449049612143
0.4752613600939197
0.20023907790506318
0.2191259278956731
0.20943632636938947
0.2141991790185222
0.20454403982575026
0.25719299966313275
0.32876651527631656
0.21645124471677835
0.33901510249246913
0.2134147506805038
0.23561139919547003
0.23734055660226472
0.3044636950934073
0.24253020456090124
0.24256072894260272
0.249970836908667
0.20353234192739283
0.3093544441426268
0.5200230762562672
0.24142436116441307
0.25521285755597806
0.2018081134566121
0.2622429540584006
0.24075884151421412
0.254761395630562
0.20771306070844708
0.22530312533924052
0.21356584830441866
0.24674199861601714
0.20842475589290776
0.24191136477176278
0.2603401668321106
0.4537698013883222
0.3944885661535029
0.23786332944677563
0.2146994749344176
0.297988956923523
0.3749383602295143
0.4995347424201302
0.23008845959891105
0.4176611375550311
0.222970388702174
0.2516728789828211
0.28737650537633674
0.2302245115771296
0.23787867152245934
0.4999048529486764
0.28025936336833523
0.3636399497461199
0.4091143849461649
0.2599385847672785
0.434971356859034
0.2068847376000012
0.2681056561296527
0.23973965874398068
0.23593610859691966
0.2253771074365692
0.26558631403564226
0.2045569783798386
0.20078145857480106
0.3140649343693812
0.29710042242161966
0.20397258958730202
0.21902370343814498
0.20946150674945285
0.2060425022205578
0.5806809074190127
0.22341495902223446
0.25759642492373885
0.466893649553583
0.4306228580418115
0.36735957701345134
0.26731175078846103
0.2614673528774703
0.22537937171876482
0.23180555920003681
0.2989379649921243
0.22270038228102595
0.39973634331678787
0.21524998441877602
0.29663205599686504
0.353166125127915
0.22377975177438342
0.2679469532121497
0.3106874456164669
0.22970075614188773
0.3372759797434145
0.21226531068921212
0.23236590727193307
0.21773618313657578
0.2246430205717273
0.277282491226275
0.22461783451543743
0.324707051152503
0.22141980525819577
0.26515798403182356
0.4287681291996739
0.23997071822460841
0.21385841383327403
0.2350309401163671
0.38417468860883486
0.265621549976777
0.21986906487913493
0.2018919531470929
0.2047235806706656
0.27332446709152514
0.20509961292357654
0.20069815687458575
0.26209335980037773
0.22956609793299815
0.256893036416756
0.23802476512251275
0.4443003783784167
0.24564705642562612
0.20969669307949507
0.29434825513202156
0.34708791121116134
0.39258187210297024
0.25933957880474007
0.3568456787775378
0.49867908404878253
0.42586521032592745
0.4921127768649504
0.2713268654137579
0.2069939107138079
0.4493475485272016
0.24129117327574223
0.2565055440789209
0.38961210377898436
0.3101647601447465
0.4561627598502427
0.3117234927314186
0.2424557809837058
0.2654993549211832
0.20133196455430263
0.3069447798307532
0.4566550398424705
0.23158821980122452
0.22950826311268135
0.45249283024090803
0.2523705860045875
0.3231096190463306
0.2759650279936318
0.22811622154490585
0.49178074275788775
0.4634434717793575
0.27087294920472954
0.3572248052603597
0.21329163377037413
0.2827817376198087
0.2011320607854049
0.23072497131308528
0.3225638124635686
0.28792413100013026
0.41350745958132235
0.2962584932323984
0.20728077564735015
0.21109235259184184
0.44211646478786487
0.24767199557016728
0.20160315155253905
0.3756003052718061
0.2211739111853263
0.213219871210643
0.2159951710858819
0.22046637220941934
0.2682165387121889
0.2058955404052321
0.31026021230377687
0.23273253558110824
0.307558556974903
0.21135514496188784
0.2753301337057058
0.21576378234928284
0.2192982730306326
0.20869908697876738
0.2368069822213697
0.30640069933989117
0.26634748758645965
0.27264525850417365
0.23113509684141303
0.34113748298628377
0.5334651788586197
0.4708031854099341
0.2444982507738946
0.25483003043180086
0.23771499020767783
0.20121372465512333
0.22696391696878232
0.30904900441335836
0.2343561315702472
0.30358921426280294
0.22972922279538022
0.2537513537098218
0.20701865016567533
0.24256311826840066
0.2263440577665956
0.2142903775226378
0.21613734728256678
0.4190085092411748
0.21287315901655995
0.21371070116533258
0.23464127304243848
0.2151520528878238
0.22387884452090628
0.2814976609595805
0.22762501719682848
0.2727631964606068
0.2586646806790567
0.30374467954722306
0.2366581603991743
0.21385534754893337
0.44839105755637254
0.21548789309028943
0.20492523266718726
0.2100513719084392
0.3521084822369115
0.30658960091385523
0.2432796777954832
0.22665903145694016
0.3179563771144169
0.36773170878874983
0.22319678923105407
0.23677253299001855
0.21898874793501838
0.2050048085236641
0.28472878883570896
0.4108813951975531
0.30457606155477895
0.2944227451041108
0.26298512493650783
0.23934757511926869
0.3552537471682798
0.20475010977696922
0.2509658883745139
0.24060649135028123
0.24020239123829212
0.2940315925396229
0.24409507928249297
0.212802555766672
0.3746257789983066
0.2463632083391446
0.3013320267388775
0.3946524296006889
0.29357367358926895
0.2949080039483767
0.23258228707225448
0.2992393627294271
0.47126364996796477
0.22687125517961299
0.22205486976501204
0.34827828468014993
0.2830138381075451
0.2547012920978245
0.22800411702719348
0.3328084388745881
0.21676959294842113
0.27134438825659746
0.2353237003604784
0.23544505385249465
0.29784262803004635
0.3680591729201257
0.23464822509417516
0.4458300466146528
0.2784133081915675
0.21280916719986753
0.32837184634269123
0.2774121297507239
0.30187469533342615
0.3003399623017644
0.2768606976134358
0.21603920378051467
0.4480001043777597
0.210781499978688
0.21715102139522907
0.29577317427582833
0.20217684685755127
0.24798182079621983
0.20659169453964127
0.22787538312594735
0.35690642723315447
0.20177355444327044
0.2511058387725603
0.2008584324210378
0.20604375097537714
0.21648221719266175
0.21312383495952658
0.2355217108260778
0.2458838915735856
0.2664999643504872
0.23137322321933074
0.2595229363429857
0.2021656319627098
0.22724855911666564
0.2520231220188688
0.20067498831848585
0.43178892585307044
0.3060648840376582
0.20319745558420832
0.2826360241184269
0.4767734244488264
0.31991840902505664
0.2470100696061983
0.2180491397868607
0.20301043961449866
0.2537766203686526
0.2397216282151477
0.32321110505972617
0.22006598269160638
0.23546761420833223
0.2661751916184958
0.42771454211037324
0.21756463332092174
0.36732768031743057
0.23993374827469205
0.30635089503625423
0.4062379888223946
0.23454375413589218
0.20970984002053544
0.2520379931729011
0.2303589733747522
0.21888293743476228
0.2021087156385995
0.22949643317065815
0.5976069936594816
0.4348672478708757
0.4743506742913821
0.3265802834555105
0.3064808381628823
0.2997901633308625
0.41905519248596845
0.4004781897681112
0.4142090998659876
0.22318148821366968
0.20946357395808957
0.22463843594239624
0.328986448635903
0.21138117100476905
0.242465194766318
0.2156387108630886
0.23822768301049768
0.2816441891030524
0.22826518063670698
0.2078515708594556
0.6728268458896177
0.3732140369908121
0.24501961308931908
0.24146721952110223
0.33461177810378495
0.21925678229214401
0.2973516790453694
0.2590056597014774
0.27114229667159
0.21872486201609487
0.62639983178844
0.24119323123606656
0.22221800030167194
0.37664998395971266
0.21759517618598073
0.226422774643516
0.21560210590679946
0.2937471836065919
0.21391722460572943
0.2793250491933249
0.20076736355600522
0.22169066643954055
0.411374487300521
0.4873020541507783
0.3260067132231464
0.3726117135062049
0.24546539064628375
0.2160989794087313
0.4883072424521797
0.25210643636459523
0.48151283578293724
0.3683928375221641
0.32687788201487444
0.24957789424494548
0.49972427907362715
0.38121576353917574
0.2300960931725372
0.2482439764927405
0.22047141742594878
0.2281589048766346
0.2182614987862262
0.3042608178252958
0.33242406321802764
0.20222873056823681
0.2628951712771268
0.24795557262658513
0.23357567309560706
0.3079689980328256
0.21820555528480495
0.5447057835208001
0.6518948279312352
0.4370409788815337
0.21333525457987618
0.3281883267137877
0.25080857287594904
0.4164059152247753
0.2484754638414544
0.21282425441817032
0.40837993246710774
0.20053615250693596
0.2675613052052621
0.20111853639422816
0.4026027427872052
0.27029578337583693
0.217172733644453
0.23571979197664616
0.35323708199600634
0.20046718045348244
0.3891504271587337
0.21349656924445654
0.2044073676147573
0.42538220735594384
0.21178651324624703
0.22064205859161307
0.2547060920283872
0.3178090348128403
0.21313639526615408
0.4474656809850552
0.4378807008826637
0.3309084458245837
0.2669896937592789
0.4743540793329375
0.3230835671861561
0.24222368928354604
0.47657733741186875
0.34552093357845254
0.35025902118998553
0.303848110729926
0.48704021230941724
0.21594109006943096
0.21161221401245672
0.20068356585722308
0.20499406326702108
0.28651992863463116
0.2382631017213524
0.23691256630566132
0.22786742788281
0.21749330697977814
0.30547537501416433
0.30527284618861295
0.5425854257607556
0.2900331992230072
0.22132883237499085
0.409133827375484
0.29153718407758733
0.21048818122207458
0.20162392636277593
0.21598358656347588
0.2222781980214834
0.45527861503999567
0.23379446406343057
0.26554322013503173
0.22951848912583006
0.26602650757884483
0.21497959587972093
0.34714088258540515
0.36467351070620524
0.21588249682094607
0.37362242909723986
0.29034276583551016
0.2390037117580992
0.2906614210611179
0.2090998530157263
0.3258174005640958
0.20052256957057746
0.20304187909425397
0.34110750651399846
0.21036433320768116
0.2970669697252958
0.2238429719643114
0.2279791855251294
0.3579223591350734
0.2661285502670155
0.23619026626998862
0.21242725285377717
0.20380268936979135
0.26920078249337637
0.23374339252543241
0.23784642437863096
0.25553516702022766
0.205061795846591
0.20407256054572104
0.300442933412465
0.20130779029841916
0.5257246182362381
0.298964972701552
0.2003026513678539
0.33917269770863584
0.204577746343449
0.4562845318949028
0.20369212151213817
0.20954457892028272
0.20187106023850881
0.33965170447182724
0.47257065661837794
0.4590882376619544
0.42797840735604764
0.3358064101338708
0.28975392873696804
0.2593220716697264
0.5355318186596663
0.2531678503013832
0.24020790400372516
0.22826791383761752
0.20451152826780405
0.3526436932982862
